CD_MUN,NM_MUN_x,V00001,V00002,V00003,V00004,V00005,V00006,V00007,V00047,V00048,V00049,V00050,V00051,V00052,V00111,V00112,V00113,V00114,V00115,V00116,V00117,V00118,V00119,V00120,V00121,V00122,V00123,V00124,V00125,V00126,V00127,V00128,V00129,V00130,V00131,V00132,V00133,V00134,V00135,V00136,V00137,V00138,V00139,V00140,V00141,V00142,V00199,V00200,V00201,V00309,V00310,V00311,V00312,V00313,V00314,V00315,V00316,V00397,V00398,V00399,V00400,V00401,V00402,V00463,V00464,V00465,V00466,V00467,V00468,V00469,V00470,V00508,V00509,V00510,V00511,V00512,V00513,V00514,V00515,V00540,V00541,V00542,V00580,V00581,V00582,V00583,V00584,V00585,V00586,V00587,V00612,V00613,V00614,V00615,V00616,V00617,V00636,V00637,V00638,V00639,pontuacao
3500105,Adamantina,13567,0,-38,13567,34506,-5,43,12928,186,422,6,0,0,13166,338,-42,0,0,0,0,0,12535,330,42,0,0,0,0,0,180,6,0,0,0,0,0,0,422,0,0,0,0,0,0,0,13253,-308,0,13156,4,135,-251,0,0,0,0,13010,359,-94,-12,0,-68,4,-379,4,-371,0,-6,0,0,33420,948,-119,5,4,0,0,0,33750,-748,-3,-33397,25,-375,-692,-7,0,0,0,33127,877,-263,-37,0,-189,27,-1047,0,-75,205826
3500204,Adolfo,1650,0,0,1650,4351,0,0,1627,21,0,0,0,0,1455,170,-13,0,0,0,0,0,1454,148,13,0,0,0,0,0,0,21,0,0,0,0,0,0,0,0,0,0,0,0,0,0,1644,-5,0,1479,52,108,-4,0,0,0,0,1587,29,-30,0,0,0,70,-114,49,-113,21,0,0,0,3838,454,-55,0,0,0,0,0,4338,-11,0,-3908,120,-299,-22,0,0,0,0,4186,83,-78,-4,0,0,186,-324,9,-36,25797
3500303,Aguaí,11480,0,-54,11480,32008,-4,54,11322,4,121,14,0,0,10717,439,-220,77,5,0,0,0,10561,437,220,77,5,0,0,0,4,0,0,0,0,0,0,0,121,0,0,0,0,0,0,0,11461,-3,-4,10698,0,323,-417,0,0,-11,0,10550,336,-404,-15,0,-134,77,-671,77,-669,0,0,0,0,29743,1365,-636,227,20,0,0,-10,31968,-25,-7,-29692,9,-1016,-1210,0,-13,-54,0,29194,1081,-1242,-64,-4,-413,232,-2030,19,-326,177178
3500402,Águas da Prata,2830,0,-99,2830,7262,-5,99,2721,11,92,0,0,0,2540,47,-12,213,0,0,0,0,2431,47,12,213,0,0,0,0,11,0,0,0,0,0,0,0,92,0,0,0,0,0,0,0,2817,-12,0,2475,19,132,-141,0,-37,-7,0,2675,108,-33,0,0,-4,23,-254,23,-254,0,0,0,0,6510,129,-30,583,0,0,0,0,7224,-37,0,-6325,66,-339,-393,-4,-102,-22,0,6866,283,-96,0,0,-13,79,-662,15,-86,42511
3500501,Águas de Lindóia,6799,0,-116,6799,17806,0,124,5942,79,764,0,0,0,6398,102,-24,233,0,0,0,0,5555,93,24,226,0,0,0,0,69,4,0,3,0,0,0,0,762,0,0,0,0,0,0,0,6798,0,0,6274,24,162,-269,-3,-10,-3,0,6403,332,-27,0,0,-3,127,-252,122,-245,0,-6,0,0,16720,329,-93,642,4,0,-5,-3,17804,0,0,-16361,90,-488,-763,-21,-42,-25,0,16777,882,-95,-6,0,-29,364,-715,20,-72,105980
3500550,Águas de Santa Bárbara,2707,0,0,2707,7149,-4,0,2620,60,13,0,0,-3,2364,244,-4,54,5,0,0,-5,2280,239,4,54,5,0,0,-5,59,0,0,0,0,0,0,0,13,0,0,0,0,0,0,0,2698,0,-4,1613,6,1005,-45,0,-10,0,0,2497,120,-70,-5,0,0,13,-315,13,-310,0,0,0,0,6215,733,-16,124,26,0,-8,-16,7129,-7,-10,-4273,17,-2663,-137,0,-25,-8,0,6586,326,-210,-21,0,-3,29,-892,0,-102,40556
3500600,Águas de São Pedro,1153,0,0,1153,2779,0,0,938,3,210,0,0,0,1153,0,0,0,0,0,0,0,938,0,0,0,0,0,0,0,3,0,0,0,0,0,0,0,210,0,0,0,0,0,0,0,1153,0,0,1149,0,0,0,0,0,0,0,1151,0,0,0,0,0,0,0,0,0,0,0,0,0,2779,0,0,0,0,0,0,0,2779,0,0,-2767,0,-12,0,0,0,0,0,2774,5,0,0,0,0,0,0,0,0,17551
3500709,Agudos,12933,-27,-138,12933,37404,-71,138,12784,25,106,3,0,0,12296,484,-28,90,0,0,0,-3,12149,484,28,89,0,0,0,-3,25,0,0,0,0,0,0,0,106,0,0,0,0,0,0,0,12905,-9,-3,12170,18,565,-89,-9,-44,-4,0,12481,171,-239,-7,0,-6,172,-435,171,-435,0,0,0,0,35592,1435,-93,246,4,0,-15,-6,37335,-55,-6,-35193,83,-1640,-283,-31,-134,-22,0,36126,501,-731,-18,-5,-17,525,-1274,75,-148,211431
3500758,Alambari,2139,0,-4,2139,6131,0,8,1942,196,0,0,0,0,1748,328,-5,42,0,0,0,0,1616,264,5,42,0,0,0,0,131,64,0,0,0,0,0,0,0,0,0,0,0,0,0,0,2132,0,0,1121,0,298,-702,0,0,0,0,1987,88,-57,0,0,0,29,-351,29,-287,0,-64,0,0,5037,938,-20,124,0,0,0,-3,6110,-17,-3,-3279,19,-850,-1971,-3,0,0,0,5690,255,-176,-5,0,-5,102,-992,5,-126,31839
3500808,Alfredo Marcondes,1726,0,-13,1726,4432,0,13,1726,0,0,0,0,0,1519,166,-29,3,0,0,0,0,1519,166,29,3,0,0,0,0,0,0,0,0,0,0,0,0,0,0,0,0,0,0,0,0,1721,0,0,1454,7,178,-72,0,0,-4,0,1536,91,-57,0,0,-35,17,-184,17,-184,0,0,0,0,3908,424,-69,17,0,0,0,-4,4426,0,0,-3727,29,-484,-167,-5,0,-9,0,3941,229,-136,-14,0,-109,44,-472,4,-35,25262
3500907,Altair,1278,0,-11,1278,3439,0,11,1271,0,0,5,0,0,1072,183,-13,3,0,0,0,0,1071,179,13,3,0,0,0,0,0,0,0,0,0,0,0,0,0,0,0,0,0,0,0,0,1270,0,-4,1111,0,50,-110,0,0,0,0,1164,5,-71,-7,0,-19,68,-133,66,-127,0,0,0,0,2822,554,-46,11,0,0,-3,0,3426,-7,-4,-2940,0,-171,-320,-7,0,0,0,3107,17,-207,-38,0,-63,212,-402,24,-48,18962
3501004,Altinópolis,6076,0,-19,6076,16768,-3,22,6036,10,28,0,0,0,5544,183,-8,326,0,0,0,0,5508,180,8,326,0,0,0,0,7,3,0,0,0,0,0,0,27,0,0,0,0,0,0,0,6073,0,0,5508,19,355,-184,0,0,0,0,5664,146,-227,-11,0,-17,139,-387,136,-384,0,-3,0,0,15233,517,-29,972,0,0,0,0,16762,0,0,-15158,69,-1033,-500,0,0,0,0,15584,443,-645,-30,-3,-55,380,-1147,43,-168,95160
3501103,Alto Alegre,1515,0,0,1515,3831,0,0,1509,6,0,0,0,0,1233,259,-8,0,0,0,0,0,1227,259,8,0,0,0,0,0,6,0,0,0,0,0,0,0,0,0,0,0,0,0,0,0,1513,0,0,1216,38,226,-24,0,0,0,0,1267,139,-95,-7,0,0,42,-227,42,-227,0,0,0,0,3085,705,-26,6,0,0,-3,0,3824,-7,0,-3040,130,-582,-68,-5,0,0,0,3172,373,-262,-21,0,0,142,-602,6,-43,22047
3501152,Alumínio,5941,0,-24,5941,17263,0,24,5840,39,56,0,0,0,5404,237,-164,44,32,0,8,-23,5340,215,161,43,32,0,8,-10,3,22,0,0,0,0,0,-13,56,0,0,0,0,0,0,0,5922,-9,0,4354,27,1242,-100,0,-152,-32,0,5071,855,0,0,0,0,110,-412,109,-376,0,-36,0,0,15781,673,-465,132,108,0,-17,-70,17211,-45,0,-12718,101,-3528,-329,0,-468,-105,0,14845,2399,-8,-3,0,0,324,-1152,26,-148,95592
3501202,Álvares Florence,1530,-7,0,1530,3897,-14,0,1530,0,0,0,0,0,1052,440,-25,3,0,0,0,0,1052,440,25,3,0,0,0,0,0,0,0,0,0,0,0,0,0,0,0,0,0,0,0,0,1530,0,0,1040,6,93,-380,0,0,0,0,1085,180,-245,-10,0,0,21,-451,21,-451,0,0,0,0,2614,1183,-76,11,6,0,0,0,3897,0,0,-2596,28,-255,-1015,0,0,0,0,2705,472,-678,-30,0,-11,67,-1212,0,-100,18905
3501301,Álvares Machado,9869,0,-39,9869,27208,-4,42,9158,277,422,0,0,0,8919,847,-59,13,0,0,0,0,8280,777,59,13,0,0,0,0,204,66,0,0,0,0,0,0,422,0,0,0,0,0,0,0,9854,-3,0,8773,39,533,-458,-5,-4,0,0,8941,508,-343,-10,0,-42,28,-891,25,-823,0,-67,0,0,24654,2288,-181,49,0,0,0,-25,27177,-11,-11,-24264,128,-1472,-1265,-18,-28,-8,0,24786,1279,-971,-28,-3,-127,111,-2427,4,-213,151822
3501400,Álvaro de Carvalho,1168,0,-1657,1168,3151,0,1657,1168,0,0,0,0,0,1073,71,-9,11,0,0,0,0,1073,71,9,11,0,0,0,0,0,0,0,0,0,0,0,0,0,0,0,0,0,0,0,0,1167,0,0,1079,4,52,-17,0,0,-4,0,1115,3,-32,-4,0,-5,57,-34,57,-34,0,0,0,0,2889,212,-23,27,0,0,0,0,3149,0,0,-2913,23,-149,-51,-3,0,-11,0,3009,14,-88,-17,0,-17,170,-92,15,-11,18502
3501509,Alvinlândia,1007,0,0,1007,2885,0,0,1005,0,0,0,0,0,939,51,-5,10,0,0,0,0,937,51,5,10,0,0,0,0,0,0,0,0,0,0,0,0,0,0,0,0,0,0,0,0,1007,0,0,938,8,51,-5,0,0,0,0,962,36,-6,0,0,0,3,-62,3,-62,0,0,0,0,2695,148,-16,24,0,0,0,0,2885,0,0,-2690,26,-147,-16,0,0,-3,0,2757,105,-22,0,0,0,10,-176,4,-12,16347
3501608,Americana,89200,-3,-515,89200,236501,-38,618,64724,1416,22875,49,0,-3,85373,3234,-118,49,233,-7,23,-17,63568,634,117,39,231,-7,18,-13,1280,131,0,0,0,0,0,0,20360,2451,0,0,0,0,0,-4,88556,-87,-510,87278,356,640,-622,-3,-164,-12,0,84905,4128,-28,0,-11,-3,2365,-1339,143,-945,84,-46,2126,-327,226284,8588,-392,203,753,34,-85,-92,234578,-310,-1590,-230837,1106,-1957,-1942,-21,-505,-60,0,225329,10911,-84,-3,-66,-30,6155,-4002,776,-535,1420289
3501707,Américo Brasiliense,11402,-3,-76,11402,32901,-10,86,11256,37,91,3,0,0,11331,38,-11,8,0,0,0,0,11185,38,11,8,0,0,0,0,37,0,0,0,0,0,0,0,91,0,0,0,0,0,0,0,11395,0,0,11312,6,53,-14,0,-3,0,0,11355,23,-11,0,0,0,19,-41,19,-41,0,0,0,0,32681,152,-39,20,7,0,0,0,32884,-8,-3,-32633,23,-169,-51,-4,-12,0,0,32779,85,-26,0,0,0,94,-124,6,-7,189552
3501806,Américo de Campos,2361,0,0,2361,5868,0,0,2360,0,0,0,0,0,2103,204,-44,0,0,0,0,0,2102,204,44,0,0,0,0,0,0,0,0,0,0,0,0,0,0,0,0,0,0,0,0,0,2359,0,0,2100,0,39,-213,0,0,0,0,2109,86,-145,0,0,-7,141,-107,141,-107,0,0,0,0,5230,513,-112,3,0,0,0,-3,5862,-6,0,-5217,11,-105,-529,0,-3,0,0,5246,197,-378,-10,-10,-20,350,-284,21,-23,34692
3501905,Amparo,24489,-3,-138,24489,67681,-11,234,21771,406,2226,39,0,0,21991,1400,-158,725,130,0,0,-3,19485,1262,151,696,96,0,0,-3,294,73,0,17,0,0,0,0,2172,47,0,0,0,0,0,0,24156,-222,-89,20842,174,1428,-1586,-26,-299,-12,0,21484,2711,-64,-3,-28,-133,220,-2223,166,-2070,6,-94,44,0,60436,4155,-454,2095,449,7,-11,-32,66655,-706,-312,-57084,511,-4125,-4850,-116,-879,-80,0,59483,7440,-220,-24,-75,-405,693,-6533,54,-782,379230
3502002,Analândia,1679,0,-5,1679,4580,0,5,1656,20,0,0,0,0,1427,107,-6,123,0,0,0,0,1423,89,6,122,0,0,0,0,0,17,0,0,0,0,0,0,0,0,0,0,0,0,0,0,1677,0,0,1386,14,95,-162,0,-7,0,0,1463,115,-74,-19,0,0,193,-46,174,-46,18,0,0,0,3910,298,-23,339,0,0,-3,0,4575,-4,0,-3790,43,-259,-459,0,-20,0,0,3986,322,-224,-47,0,0,543,-123,80,-17,26830
3502101,Andradina,21911,-3,-99,21911,57887,-9,114,21355,145,375,7,0,0,20897,917,-62,0,7,0,0,0,20368,894,62,0,7,0,0,0,144,0,0,0,0,0,0,0,359,16,0,0,0,0,0,0,21858,-11,-15,20452,48,476,-862,0,0,0,0,20904,213,-670,-34,0,-65,37,-952,20,-944,0,0,16,0,55271,2390,-152,8,31,7,0,0,57754,-74,-45,-54123,179,-1256,-2276,-10,0,0,-4,55306,534,-1765,-95,-4,-163,110,-2485,3,-208,336607
3502200,Angatuba,8488,0,-64,8488,23937,0,64,8436,4,33,0,0,0,7082,422,-333,522,74,0,9,-6,7034,421,333,521,74,0,9,-6,4,0,0,0,0,0,0,0,31,0,0,0,0,0,0,0,8466,-4,-3,5900,32,624,-1851,-3,-12,-7,-3,7637,166,-537,-10,-3,-90,107,-1272,106,-1271,0,0,0,0,20028,1291,-865,1465,225,0,-34,-16,23876,-33,-16,-16717,113,-1731,-5223,-40,-47,-38,-3,21549,486,-1561,-58,-6,-257,358,-3545,32,-407,122375
3502309,Anhembi,2046,0,0,2046,5631,-18,0,2022,0,21,0,0,0,1608,230,-35,158,0,0,0,0,1585,229,35,158,0,0,0,0,0,0,0,0,0,0,0,0,21,0,0,0,0,0,0,0,2044,0,0,1561,91,52,-302,0,-3,-6,0,1800,191,-49,0,0,0,82,-347,82,-346,0,0,0,0,4439,661,-100,421,0,0,0,-3,5619,-12,0,-4321,263,-165,-827,-7,-20,-20,0,4936,520,-167,0,0,0,226,-959,12,-128,30955
3502408,Anhumas,1481,0,-22,1481,4001,0,22,1481,0,0,0,0,0,1260,161,-18,26,0,0,0,0,1260,161,18,26,0,0,0,0,0,0,0,0,0,0,0,0,0,0,0,0,0,0,0,0,1479,0,0,1255,17,90,-110,0,0,0,0,1334,40,-88,-4,0,-10,3,-210,3,-210,0,0,0,0,3391,470,-48,86,0,0,0,-4,3998,0,0,-3377,52,-257,-308,0,0,-5,0,3587,129,-246,-18,0,-19,18,-592,0,-68,21716
3502507,Aparecida,11364,0,-178,11364,32345,-12,189,9558,219,1563,3,0,0,11195,28,0,104,8,0,0,0,9393,28,0,104,8,0,0,0,219,0,0,0,0,0,0,0,1559,0,0,0,0,0,0,0,11346,-7,0,10941,3,79,-172,-24,-79,-17,0,9262,1928,-46,0,-102,0,0,-146,0,-146,0,0,0,0,31867,97,-9,322,23,0,-3,-8,32306,-28,-3,-31051,34,-252,-548,-116,-275,-54,0,26407,5512,-146,-13,-248,-8,28,-437,0,-55,185223
3502606,Aparecida d'Oeste,1616,0,-22,1616,4064,0,22,1614,0,0,0,0,0,1354,242,0,0,0,0,0,-10,1354,240,0,0,0,0,0,-10,0,0,0,0,0,0,0,0,0,0,0,0,0,0,0,0,1609,0,-3,1342,7,126,-122,0,0,0,0,1422,88,-91,0,0,-3,7,-248,7,-246,0,0,0,0,3369,664,0,0,0,0,0,-23,4049,-9,-4,-3342,25,-336,-343,0,-3,-3,0,3535,249,-252,-17,0,-7,16,-674,0,-46,22823
3502705,Apiaí,8814,-12,-37,8814,24475,-37,47,8690,4,98,4,0,0,7102,131,-210,1250,6,0,5,-19,6982,131,210,1247,6,0,5,-19,4,0,0,0,0,0,0,0,98,0,0,0,0,0,0,0,8741,-4,-9,5067,75,1016,-1856,-53,-606,-10,0,7450,671,-600,0,0,-9,87,-1569,85,-1568,0,0,0,0,19810,438,-608,3474,17,3,-26,-61,24310,-82,-49,-14029,277,-2919,-5222,-178,-1726,-64,-4,20893,1858,-1598,-34,-9,-44,344,-4305,32,-564,124631
3502754,Araçariguama,7395,-3,-51,7395,21445,-8,51,7043,147,188,6,0,0,5848,654,-391,351,98,0,0,0,5601,573,381,337,98,0,0,0,46,81,6,9,0,0,0,0,184,0,-3,0,0,0,0,0,7319,-36,-19,4206,260,1495,-952,0,-400,-3,0,6595,455,-162,0,0,-149,169,-1351,119,-1297,48,-49,0,-3,16938,1903,-1250,1001,316,0,-7,-15,21233,-129,-78,-11997,791,-4510,-2837,-19,-1236,-28,0,19181,1308,-446,0,0,-496,518,-3981,58,-580,109364
3502804,Araçatuba,77766,-30,-189,77766,199516,-56,249,61602,3054,12972,27,0,0,75670,1844,-130,8,0,0,0,-7,60010,1365,130,8,0,0,0,-7,2967,84,0,0,0,0,0,0,12569,374,0,0,0,0,0,0,77655,-59,-9,75617,108,1145,-786,0,-9,-3,0,72591,4651,-429,-8,0,-17,528,-1477,132,-1395,16,-65,373,-3,194018,5011,-363,29,4,0,-10,-20,199241,-214,-32,-193875,283,-3100,-2141,-6,-23,-17,-15,187034,11165,-1170,-43,-7,-52,1480,-3973,108,-412,1209018
3502903,Araçoiaba da Serra,11775,0,-93,11775,32316,0,112,10997,734,13,0,0,-5,9987,878,-779,9,6,0,0,-8,9236,859,772,9,6,0,0,-8,713,12,0,0,0,0,0,0,10,0,0,0,0,0,0,0,11599,-41,-83,4259,91,5022,-2266,-3,-3,-10,0,9812,1848,-51,0,0,-4,471,-1242,470,-1221,0,-12,0,0,27301,2610,-2174,67,32,0,-11,-76,31802,-205,-291,-11840,306,-13560,-6468,-4,-23,-50,0,26824,5217,-179,-8,0,-58,1425,-3565,91,-368,174757
3503000,Aramina,2001,-3,0,2001,5404,-14,0,1995,0,0,0,0,0,1867,78,-30,15,0,0,0,0,1864,75,30,15,0,0,0,0,0,0,0,0,0,0,0,0,0,0,0,0,0,0,0,0,1999,0,0,1827,56,40,-68,0,0,0,0,1884,77,-35,0,0,0,28,-98,26,-97,0,0,0,0,5075,207,-75,37,0,0,-9,0,5398,-6,0,-4970,162,-101,-165,0,0,-3,0,5111,184,-97,-6,0,0,73,-255,4,-19,31482
3503109,Arandu,2375,0,-59,2375,6804,0,59,2356,14,0,0,0,0,1851,356,-15,129,3,0,0,0,1848,342,15,129,3,0,0,0,0,14,0,0,0,0,0,0,0,0,0,0,0,0,0,0,2363,0,0,1758,91,327,-178,0,0,0,0,2219,93,-43,0,0,-5,185,-330,172,-329,13,0,0,0,5305,1024,-50,392,8,7,0,-5,6783,-6,-7,-5046,293,-892,-559,0,0,0,0,6388,241,-142,-15,-3,-11,555,-937,76,-125,38209
3503158,Arapeí,885,0,0,885,2330,0,0,880,0,3,0,0,0,709,25,-15,127,0,0,0,0,704,25,15,127,0,0,0,0,0,0,0,0,0,0,0,0,3,0,0,0,0,0,0,0,878,0,0,640,0,158,-42,-28,-8,0,0,739,114,-27,0,0,0,15,-154,15,-154,0,0,0,0,1816,66,-46,392,0,0,0,-6,2319,-4,0,-1643,0,-426,-145,-95,-17,0,0,1921,337,-62,0,-9,0,40,-472,6,-54,12767
3503208,Araraquara,92504,-11,-1323,92504,240399,-41,1396,74727,3197,14444,3,0,0,91166,921,-215,71,7,0,0,-12,73509,821,214,70,7,0,0,-12,3179,16,0,0,0,0,0,0,14345,82,0,0,0,0,0,0,92414,-16,-12,91251,53,581,-501,-3,0,-13,0,89461,2591,-266,-16,0,-63,297,-939,209,-919,0,-15,82,0,236674,2736,-626,214,20,5,0,-60,240190,-98,-66,-236904,195,-1632,-1541,-6,-3,-44,-3,233654,5678,-752,-63,-3,-192,905,-2765,50,-293,1451414
3503307,Araras,47968,0,-183,47968,130510,-16,208,41043,1145,5699,8,0,0,46215,1144,-347,96,90,0,0,0,39760,719,346,66,90,0,0,0,1089,24,0,25,0,0,0,0,5294,392,0,0,0,0,0,0,47887,0,-44,46405,151,606,-701,-4,-6,-7,0,46517,1153,-190,0,0,-22,670,-1008,277,-945,0,-53,392,0,125705,3239,-922,299,235,7,-23,-38,130308,-57,-117,-126068,522,-1797,-1963,-30,-21,-49,-9,126719,3017,-604,-20,0,-101,1911,-2854,263,-320,767663
3503356,Arco-Íris,731,0,0,731,2037,0,0,730,0,0,0,0,0,546,165,-4,3,0,0,0,0,545,165,4,3,0,0,0,0,0,0,0,0,0,0,0,0,0,0,0,0,0,0,0,0,560,-166,0,546,178,0,0,0,0,0,0,554,47,-111,-13,0,0,179,0,179,0,0,0,0,0,1556,435,-21,14,0,0,0,-4,1594,-438,0,-1553,473,0,-6,0,0,0,0,1570,120,-303,-38,0,0,473,-3,44,0,11522
3503406,Arealva,3075,0,-32,3075,8085,0,34,3015,55,0,0,0,0,2365,580,-58,41,0,0,3,0,2342,545,58,41,0,0,3,0,20,33,0,0,0,0,0,0,0,0,0,0,0,0,0,0,3063,-9,0,2212,3,498,-330,0,0,0,0,2479,386,-144,-16,0,-29,115,-569,115,-536,0,-31,0,0,6200,1573,-175,118,0,0,-7,-3,8046,-36,0,-5812,28,-1333,-905,0,0,0,0,6475,1052,-405,-68,-5,-76,343,-1531,38,-139,43865
3503505,Areias,1227,0,-31,1227,3498,0,70,1225,0,0,0,0,0,969,35,-13,204,0,0,0,0,969,35,13,203,0,0,0,0,0,0,0,0,0,0,0,0,0,0,0,0,0,0,0,0,1226,0,0,870,0,112,-65,-25,-139,0,0,1091,77,-50,-3,0,0,0,-253,0,-252,0,0,0,0,2728,117,-50,598,0,0,0,0,3496,0,0,-2451,10,-345,-172,-79,-431,0,0,3127,208,-144,-11,0,0,18,-749,3,-103,17990
3503604,Areiópolis,3400,0,0,3400,10113,-16,0,3390,3,0,6,0,0,3225,137,-10,20,0,0,0,0,3215,137,10,20,0,0,0,0,3,0,0,0,0,0,0,0,0,0,0,0,0,0,0,0,3397,0,0,3215,3,100,-62,0,-3,0,0,3335,9,-21,0,-4,-25,15,-155,15,-155,0,0,0,0,9573,443,-31,60,0,0,0,0,10109,0,0,-9551,10,-321,-209,0,-7,-5,0,9919,44,-63,0,-8,-77,63,-475,11,-60,56142
3503703,Ariranha,2874,0,0,2874,7596,-3,0,2874,0,0,0,0,0,2766,94,0,0,0,0,0,0,2766,94,0,0,0,0,0,0,0,0,0,0,0,0,0,0,0,0,0,0,0,0,0,0,2871,0,0,2774,9,4,-76,0,0,0,0,2813,23,-30,-3,0,0,3,-93,3,-93,0,0,0,0,7306,277,0,0,0,0,0,0,7588,-7,0,-7314,34,-13,-209,0,-8,-15,0,7446,68,-74,-6,0,0,15,-266,0,-30,44932
3503802,Artur Nogueira,18150,0,-30,18150,51419,0,30,17541,554,33,5,0,0,16084,1342,-627,28,0,0,0,-6,15815,1031,607,28,0,0,0,0,216,306,12,0,0,0,0,-6,33,0,0,0,0,0,0,0,18068,-31,-21,15985,131,1174,-778,-3,0,-18,0,16489,1456,-132,-3,0,-18,290,-1722,242,-1427,42,-290,0,0,45589,3902,-1774,99,0,4,-6,-19,51182,-121,-95,-45263,439,-3395,-2203,-8,-5,-72,0,46793,4161,-367,-15,0,-50,817,-4982,56,-584,284232
3503901,Arujá,29334,0,-53,29334,86539,0,102,26471,1216,1439,96,0,-51,27835,602,-487,142,52,0,40,-32,25058,547,473,136,40,0,40,-29,1149,34,8,0,8,0,0,0,1419,14,0,0,0,0,0,0,29094,-93,-104,23382,364,3456,-1520,-81,-255,-43,0,28604,560,-94,0,0,-3,237,-1161,196,-1119,20,-33,14,0,82000,1973,-1573,454,190,3,-140,-167,85802,-309,-406,-68258,1309,-10900,-4721,-246,-843,-180,0,84362,1796,-292,-11,-7,-32,857,-3654,99,-478,479525
3503950,Aspásia,679,0,0,679,1839,-3,0,679,0,0,0,0,0,541,124,-9,0,0,0,0,0,541,124,9,0,0,0,0,0,0,0,0,0,0,0,0,0,0,0,0,0,0,0,0,0,679,0,0,545,18,11,-102,0,0,0,0,556,42,-77,0,0,0,58,-75,58,-75,0,0,0,0,1447,367,-24,0,0,0,0,0,1839,0,0,-1457,46,-41,-294,0,0,0,0,1482,133,-213,-6,0,-5,176,-215,21,-18,10079
3504008,Assis,38160,0,-1456,38160,99859,-31,1467,34540,735,2829,7,0,0,36989,895,-165,53,0,0,0,0,33377,889,164,53,0,0,0,0,733,0,0,0,0,0,0,0,2825,0,0,0,0,0,0,0,38071,-50,0,36637,61,956,-429,0,-3,-3,0,36698,1015,-272,-9,-4,-93,94,-1021,94,-1018,0,0,0,0,96781,2378,-485,158,0,0,-10,-17,99642,-169,-19,-95964,210,-2452,-1173,0,-11,-21,-3,96281,2515,-718,-22,-13,-265,309,-2742,16,-258,594755
3504107,Atibaia,56506,-3,-367,56506,157753,-12,405,47583,4380,4307,91,0,-3,43069,5181,-7139,457,146,0,104,-52,35859,4092,6597,433,114,0,95,-47,2749,997,501,15,28,0,9,0,4258,41,0,0,0,0,0,0,55672,-319,-412,33180,1116,13290,-7175,-62,-1219,-76,0,51837,4212,-243,-6,0,-12,1148,-12088,784,-10747,320,-1254,18,-26,118908,15233,-20875,1471,545,26,-300,-270,155276,-1107,-1304,-90077,3529,-38143,-21447,-289,-3748,-341,-8,144591,12068,-844,-55,-16,-100,3641,-35139,377,-4731,789462
3504206,Auriflama,5393,0,-27,5393,13662,-3,27,5290,0,103,0,0,0,4918,438,-16,0,0,0,0,0,4815,438,16,0,0,0,0,0,0,0,0,0,0,0,0,0,103,0,0,0,0,0,0,0,5391,0,0,4876,37,261,-204,0,0,0,0,4933,270,-154,-6,-11,-3,169,-288,169,-288,0,0,0,0,12379,1226,-43,0,0,0,0,-8,13658,-3,0,-12257,105,-735,-553,0,0,-3,0,12410,740,-441,-19,-31,-7,470,-802,46,-80,81754
3504305,Avaí,1642,0,0,1642,4455,0,0,1639,0,0,0,0,0,1289,278,-27,37,0,0,0,0,1288,276,27,37,0,0,0,0,0,0,0,0,0,0,0,0,0,0,0,0,0,0,0,0,1632,-4,0,1080,49,400,-89,-3,0,0,-3,1364,161,-84,-8,0,-14,0,-340,0,-338,0,0,0,0,3536,745,-78,91,0,0,0,0,4428,-15,-6,-2862,155,-1158,-245,-10,0,-13,-5,3729,419,-226,-17,-4,-54,9,-899,0,-114,23792
3504404,Avanhandava,3537,0,0,3537,9978,-16,20,3533,0,0,0,0,0,3413,120,0,0,0,0,0,0,3409,120,0,0,0,0,0,0,0,0,0,0,0,0,0,0,0,0,0,0,0,0,0,0,3532,-3,0,3413,20,101,0,0,0,0,0,3415,3,-61,-15,0,-38,9,-109,9,-109,0,0,0,0,9598,376,0,0,0,0,0,0,9966,-10,0,-9596,58,-322,0,0,0,0,0,9604,17,-201,-41,-3,-110,34,-343,3,-42,56806
3504503,Avaré,33459,-38,-643,33459,90508,-127,666,31997,525,771,105,0,0,31503,1461,-76,317,12,0,0,-21,30213,1298,73,316,12,0,0,-20,462,60,0,0,0,0,0,0,675,96,0,0,0,0,0,0,33370,-16,-31,31102,288,1069,-876,0,0,0,-8,31627,1246,-417,-24,-10,-77,984,-919,838,-890,44,-17,96,0,85169,4093,-254,867,28,0,-17,-45,90312,-86,-68,-84069,857,-2951,-2524,-15,-4,-29,-22,85455,3479,-1225,-83,-28,-199,2753,-2558,327,-302,533303
3504602,Bady Bassitt,9957,0,-4,9957,27246,-8,4,9451,361,123,3,0,0,9497,441,0,0,0,0,0,0,9019,417,0,0,0,0,0,0,339,16,0,0,0,0,0,0,116,7,0,0,0,0,0,0,9948,0,0,9500,10,140,-289,0,0,0,0,9682,167,-98,0,0,0,37,-409,13,-407,14,0,7,0,25987,1219,-10,5,0,0,0,-14,27225,-11,-5,-25977,41,-406,-803,0,-5,0,0,26477,458,-293,-3,0,-6,102,-1149,8,-101,157996
3504701,Balbinos,539,0,0,539,1358,0,4,539,0,0,0,0,0,497,30,0,7,0,0,0,0,497,30,0,7,0,0,0,0,0,0,0,0,0,0,0,0,0,0,0,0,0,0,0,0,538,0,0,496,0,10,-29,0,0,0,0,513,0,-16,0,0,-7,0,-39,0,-39,0,0,0,0,1253,79,-5,19,0,0,0,0,1356,0,0,-1252,0,-30,-73,0,0,0,0,1291,4,-37,-5,0,-21,3,-98,0,-8,7950
3504800,Bálsamo,3708,0,0,3708,9595,0,0,3689,0,10,0,0,0,3444,249,-3,0,0,0,0,0,3427,247,3,0,0,0,0,0,0,0,0,0,0,0,0,0,10,0,0,0,0,0,0,0,3706,0,0,3442,67,58,-127,0,0,0,0,3587,40,-78,0,0,0,69,-185,67,-185,0,0,0,0,8884,696,-14,0,0,0,0,0,9590,-3,0,-8874,178,-163,-368,0,0,0,0,9273,120,-198,0,0,0,188,-518,19,-59,57299
3504909,Bananal,3710,0,-22,3710,9942,0,22,3538,43,125,0,0,0,3044,67,-11,569,0,0,0,0,2873,67,11,568,0,0,0,0,43,0,0,0,0,0,0,0,125,0,0,0,0,0,0,0,3693,-12,0,2977,42,334,-203,-44,-62,0,0,3121,436,-129,0,0,-4,22,-625,21,-625,0,0,0,0,8087,203,-43,1594,0,0,-4,-5,9898,-36,-6,-7905,118,-942,-610,-127,-206,-10,0,8337,1240,-339,0,0,-17,80,-1769,0,-225,54679
3505005,Barão de Antonina,1336,-4,-7,1336,3498,-11,21,1321,7,5,0,0,0,1008,222,-8,91,0,0,3,0,995,221,8,90,0,0,3,0,7,0,0,0,0,0,0,0,5,0,0,0,0,0,0,0,1321,-11,0,681,313,224,-109,0,0,0,0,833,492,-5,0,0,0,84,-242,81,-241,0,0,0,0,2616,601,-21,247,0,0,-8,0,3470,-25,0,-1806,799,-611,-280,0,0,0,0,2239,1235,-15,-4,-4,0,226,-655,29,-79,21522
3505104,Barbosa,2108,0,0,2108,5632,0,0,2057,0,51,0,0,0,1937,164,0,0,0,0,0,0,1886,164,0,0,0,0,0,0,0,0,0,0,0,0,0,0,51,0,0,0,0,0,0,0,2108,0,0,1937,0,55,-111,0,0,0,0,1908,63,-101,-9,0,-20,8,-153,8,-153,0,0,0,0,5162,468,0,0,0,0,0,0,5632,0,0,-5167,0,-130,-330,0,0,0,0,5119,159,-265,-24,-3,-58,36,-432,0,-51,31814
3505203,Bariri,11744,0,-36,11744,31527,0,53,11647,7,83,0,0,0,11311,231,-120,58,0,0,0,0,11222,224,120,58,0,0,0,0,0,6,0,0,0,0,0,0,83,0,0,0,0,0,0,0,11735,0,-3,11292,29,107,-277,-3,-5,-5,0,11353,156,-188,-9,0,-21,60,-349,54,-349,5,0,0,0,30358,670,-327,158,0,0,0,-5,31508,-4,-11,-30315,75,-298,-770,-7,-28,-17,0,30486,451,-485,-33,-3,-62,188,-967,9,-89,184026
3505302,Barra Bonita,12891,0,-76,12891,34240,-14,82,12830,3,38,0,0,0,12707,95,-7,61,3,0,0,0,12646,95,7,61,3,0,0,0,3,0,0,0,0,0,0,0,38,0,0,0,0,0,0,0,12886,0,0,12548,136,135,-37,0,-7,0,0,12507,284,-22,-3,0,-59,36,-135,36,-135,0,0,0,0,33734,290,-15,178,8,0,0,-4,34232,-3,0,-33334,378,-367,-113,0,-35,0,0,33343,669,-57,-9,-6,-146,117,-378,4,-49,205204
3505351,Barra do Chapéu,1876,0,0,1876,5179,0,0,1862,7,3,0,0,0,961,94,-19,767,0,0,10,0,949,94,19,765,0,0,10,0,7,0,0,0,0,0,0,0,3,0,0,0,0,0,0,0,1848,-15,0,654,30,308,-790,0,-60,0,0,1521,81,-246,0,0,0,14,-896,14,-894,0,0,0,0,2585,277,-65,2194,0,0,-43,0,5119,-41,-9,-1797,105,-841,-2226,-5,-173,-3,-9,4274,243,-621,-14,0,-13,50,-2540,6,-333,22152
3505401,Barra do Turvo,2562,0,-7,2562,6833,0,7,2554,0,0,4,0,0,1187,36,-47,1223,0,0,21,0,1180,36,47,1222,0,0,21,0,0,0,0,0,0,0,0,0,0,0,0,0,0,0,0,0,2442,-86,-7,1014,15,594,-774,-34,-49,-13,0,2131,161,-227,0,0,0,0,-1358,0,-1357,0,0,0,0,3090,142,-152,3324,0,0,-98,-13,6521,-239,-56,-2639,60,-1619,-2131,-129,-188,-45,0,5711,484,-597,0,-3,-16,17,-3717,0,-465,29135
3505500,Barretos,46311,-3,-263,46311,121946,-45,268,42457,351,3402,31,0,0,44976,1167,-70,24,0,0,5,0,41199,1096,70,24,0,0,0,0,348,3,0,0,0,0,0,0,3341,55,0,0,0,0,5,0,46233,-25,-8,45026,281,524,-395,-3,-6,0,0,45152,393,-621,-27,-21,-44,383,-897,374,-830,0,-3,8,-52,118312,3247,-183,101,0,0,-11,-54,121757,-110,-48,-118403,842,-1523,-1094,-13,-21,-10,0,118882,1010,-1729,-91,-82,-121,1090,-2508,120,-267,727544
3505609,Barrinha,11196,0,0,11196,32086,0,0,10955,32,145,40,0,0,11027,142,-12,0,0,0,0,0,10787,142,12,0,0,0,0,0,32,0,0,0,0,0,0,0,144,0,0,0,0,0,0,0,11159,-24,0,10976,10,81,-90,0,-15,0,0,11129,29,-12,0,0,-4,35,-119,35,-119,0,0,0,0,31594,432,-48,3,0,0,0,0,31997,-79,0,-31443,34,-248,-269,-14,-62,-9,0,31892,118,-51,0,-7,-10,122,-361,16,-48,184554
3505708,Barueri,109448,-14,-113,109448,316209,-84,117,72480,5084,31205,509,0,0,109060,207,-15,20,23,-3,9,0,72207,128,15,20,20,0,8,0,5078,0,0,0,0,0,0,0,31097,79,0,0,3,0,0,0,109285,-16,-38,105782,978,1324,-142,-36,-576,-294,0,56734,52633,-8,0,-3,0,127,-167,69,-135,0,0,57,-30,315111,680,-86,94,90,16,-26,-49,315743,-271,-151,-305388,3118,-4097,-505,-154,-1809,-1003,-4,161612,154500,-39,-5,-23,-7,516,-544,45,-65,1825088
3505807,Bastos,7530,-3,-10,7530,21467,-4,10,7331,141,48,0,0,0,6401,1070,-36,4,0,0,0,0,6203,1069,36,4,0,0,0,0,141,0,0,0,0,0,0,0,48,0,0,0,0,0,0,0,7476,-35,-6,6391,91,297,-723,0,-3,0,0,6350,619,-499,-27,0,-11,501,-610,500,-610,0,0,0,0,18071,3261,-114,10,0,0,0,0,21296,-142,-25,-18053,304,-910,-2178,-5,-6,-4,0,17965,1849,-1503,-108,-5,-28,1519,-1873,184,-259,117927
3505906,Batatais,21410,0,-104,21410,58184,-20,104,20091,16,1248,16,0,-4,20807,331,-38,188,0,0,0,-17,19491,329,38,188,0,0,0,-17,15,0,0,0,0,0,0,0,1247,0,0,0,0,0,0,0,21399,0,0,20760,37,301,-272,0,0,0,0,20498,523,-287,-5,0,-62,140,-426,140,-424,0,0,0,0,56525,941,-109,545,0,0,0,-44,58156,-17,-3,-56398,108,-868,-767,0,-8,-13,0,55857,1282,-798,-35,-6,-192,438,-1196,29,-115,340547
3506003,Bauru,139983,-122,-3957,139983,371336,-352,4077,104951,3543,31067,223,0,-7,134358,4917,-65,96,11,-3,24,-262,102811,1563,55,93,0,0,11,-217,3472,47,0,0,0,0,0,-9,27706,3283,0,3,11,0,7,0,139444,-286,-127,135709,116,1595,-2092,-8,-81,-53,-4,131952,7108,-465,-38,-90,-108,3521,-1898,391,-1574,21,-32,3086,-235,357162,12327,-226,362,58,13,-59,-992,369873,-880,-502,-359254,505,-4672,-6125,-67,-309,-237,-19,351049,17968,-1379,-128,-300,-371,8826,-5242,1225,-716,2222379
3506102,Bebedouro,28017,0,-138,28017,76076,-20,189,27436,83,475,0,0,0,27047,825,-96,3,0,0,0,0,26470,824,96,3,0,0,0,0,83,0,0,0,0,0,0,0,474,0,0,0,0,0,0,0,28001,0,0,27103,93,81,-672,0,-38,0,0,27270,278,-401,-4,0,-30,414,-509,413,-509,0,0,0,0,73353,2372,-295,30,0,0,0,-4,76042,-24,0,-73502,273,-239,-1911,-8,-118,-3,0,74023,812,-1118,-25,0,-85,1224,-1479,137,-180,446629
3506201,Bento de Abreu,929,0,0,929,2605,0,0,929,0,0,0,0,0,863,57,-3,0,0,0,0,0,863,57,3,0,0,0,0,0,0,0,0,0,0,0,0,0,0,0,0,0,0,0,0,0,929,0,0,864,0,0,-64,0,0,0,0,890,0,-35,0,0,0,41,-22,41,-22,0,0,0,0,2432,152,-11,3,0,0,0,0,2605,0,0,-2433,4,0,-168,0,0,0,0,2508,0,-86,-10,0,0,102,-66,7,-4,14889
3506300,Bernardino de Campos,3879,-3,-30,3879,10531,-6,30,3875,0,0,0,0,0,3567,190,-33,85,0,0,0,0,3564,189,33,85,0,0,0,0,0,0,0,0,0,0,0,0,0,0,0,0,0,0,0,0,3873,-4,0,3556,0,60,-247,0,-3,0,0,3584,187,-88,-12,0,0,8,-297,8,-296,0,0,0,0,9627,584,-77,243,0,0,0,0,10515,-14,0,-9583,16,-182,-740,0,-6,0,0,9666,533,-273,-45,-4,-6,26,-872,3,-110,59465
3506359,Bertioga,22685,-38,-62,22685,63850,-123,65,18585,1453,2217,300,0,-10,21126,450,-71,255,17,-3,333,-312,17122,418,65,252,17,-3,327,-271,1440,0,0,0,0,0,0,-9,2204,3,0,0,0,0,0,-4,20893,-1120,-604,15700,629,3785,-1210,-826,-211,-70,-14,19949,2542,-67,0,-3,-23,245,-1228,234,-1153,6,-3,4,-3,59466,1291,-240,753,45,39,-956,-1007,58597,-3542,-1683,-43479,1986,-11192,-3518,-2568,-673,-261,-87,56070,7389,-226,-7,-20,-90,812,-3538,107,-608,345275
3506409,Bilac,2798,0,-33,2798,7286,0,33,2797,0,0,0,0,0,2603,175,-8,3,0,0,0,0,2602,175,8,3,0,0,0,0,0,0,0,0,0,0,0,0,0,0,0,0,0,0,0,0,2792,0,0,2625,8,17,-133,0,0,0,0,2683,27,-84,0,0,0,33,-154,33,-154,0,0,0,0,6803,439,-25,11,0,0,-4,0,7272,-12,0,-6860,34,-46,-335,0,0,0,0,6991,77,-213,-3,0,0,85,-392,0,-27,42728
3506508,Birigui,45367,0,-46,45367,118610,-6,46,41093,723,3470,22,0,-4,43775,1334,-159,7,0,0,0,0,39825,1019,159,7,0,0,0,0,624,94,0,0,0,0,0,0,3244,219,0,0,0,0,0,0,45338,-3,-3,44219,129,169,-764,0,-3,0,0,44566,286,-309,-30,-3,-70,420,-1094,254,-942,46,-48,120,-102,114446,3620,-431,30,0,3,-5,-21,118541,-43,-13,-115525,420,-494,-2093,0,-16,-16,0,116576,800,-871,-95,-10,-201,1162,-2958,95,-253,709614
3506607,Biritiba Mirim,10427,0,-43,10427,29601,-14,43,10385,14,12,0,0,0,7000,1989,-1062,202,0,-8,14,-52,6968,1985,1060,199,0,-8,14,-52,7,0,0,3,0,0,0,0,12,0,0,0,0,0,0,0,10139,-20,-200,6369,166,2030,-1508,-5,-197,-33,0,9209,735,-378,-6,0,-26,130,-3226,130,-3217,0,-6,0,0,20112,5603,-3015,533,5,36,-70,-169,28797,-158,-610,-18347,529,-5709,-4244,-51,-549,-114,0,26278,2036,-1096,-37,-12,-105,470,-8993,19,-1080,139268
3506706,Boa Esperança do Sul,4655,-3,-3,4655,12945,-26,3,4645,0,0,6,0,0,4398,192,-3,35,10,0,0,0,4389,191,3,35,10,0,0,0,0,0,0,0,0,0,0,0,0,0,0,0,0,0,0,0,4639,-8,-3,4363,30,143,-89,0,0,0,0,4427,86,-108,-6,0,-13,105,-138,104,-138,0,0,0,0,12249,526,-11,115,33,0,0,-3,12906,-23,-13,-12142,94,-407,-272,0,-15,-4,0,12312,277,-295,-14,0,-39,308,-374,29,-48,74720
3506805,Bocaina,4075,0,-24,4075,11223,0,24,4069,0,3,0,0,0,3851,117,-8,84,0,0,0,0,3847,116,8,83,0,0,0,0,0,0,0,0,0,0,0,0,3,0,0,0,0,0,0,0,4068,-3,0,3810,17,106,-108,0,-11,0,0,3909,79,-46,-4,0,-29,4,-207,4,-205,0,0,0,0,10589,362,-26,238,0,0,0,0,11209,-11,0,-10483,48,-309,-313,-7,-56,0,0,10743,240,-136,-12,-12,-78,25,-603,0,-88,64250
3506904,Bofete,3939,0,-6,3939,10442,-5,6,3850,82,0,0,0,0,2777,680,-271,169,0,0,6,0,2740,655,254,160,0,0,6,0,31,21,17,7,0,0,0,0,0,0,0,0,0,0,0,0,3933,0,0,2395,138,755,-609,0,0,-3,0,2922,941,-37,0,0,-8,65,-1081,65,-1028,0,-51,0,0,7454,1819,-680,433,6,0,-24,-11,10431,-4,0,-6431,421,-2009,-1547,-5,0,-5,0,7845,2423,-113,-26,0,-25,160,-2823,9,-274,54920
3507001,Boituva,21710,0,-39,21710,61008,0,48,17669,1684,2286,20,0,0,19820,1055,-703,16,38,0,3,-4,15913,926,701,16,38,0,3,-4,1562,118,0,0,0,0,0,0,2281,4,0,0,0,0,0,0,21446,-14,-215,18227,43,1753,-1547,0,-3,-12,0,19091,2528,-28,0,-3,0,172,-1666,101,-1601,61,-58,4,0,55598,3066,-2101,59,118,0,-12,-22,60284,-98,-612,-51218,199,-4940,-4490,-15,-30,-70,0,53941,6908,-111,0,-15,-3,531,-4855,35,-624,337681
3507100,Bom Jesus dos Perdões,7713,0,-48,7713,21891,-6,70,7186,438,27,36,0,0,6657,493,-307,166,0,0,3,-30,6216,414,302,165,0,0,3,-30,359,71,0,0,0,0,0,0,27,0,0,0,0,0,0,0,7506,-139,-44,6154,103,734,-621,0,-11,-10,0,7047,593,-32,0,0,-5,163,-866,127,-818,33,-41,0,0,18784,1493,-985,483,3,3,-3,-111,21284,-438,-153,-17301,365,-2154,-1928,-11,-45,-49,0,19878,1863,-110,0,0,-24,480,-2614,57,-321,117848
3507159,Bom Sucesso de Itararé,1172,0,0,1172,3543,0,0,1162,0,0,8,0,0,837,3,-11,299,0,0,6,0,829,3,11,297,0,0,6,0,0,0,0,0,0,0,0,0,0,0,0,0,0,0,0,0,1165,0,0,797,0,91,-261,-3,-6,0,0,1140,12,-13,0,0,0,0,-331,0,-329,0,0,0,0,2557,20,-39,893,0,4,-25,0,3533,-3,0,-2444,7,-270,-789,-7,-18,0,0,3459,40,-35,0,0,-7,0,-982,0,-148,17345
3507209,Borá,322,0,0,322,907,0,0,322,0,0,0,0,0,267,47,0,3,0,0,0,0,267,47,0,3,0,0,0,0,0,0,0,0,0,0,0,0,0,0,0,0,0,0,0,0,322,0,0,266,5,23,-22,0,0,0,0,288,3,-23,0,0,0,0,-51,0,-51,0,0,0,0,734,151,0,20,0,0,0,0,907,0,0,-732,26,-79,-65,-3,0,0,0,810,18,-73,0,0,-3,17,-156,5,-11,4833
3507308,Boracéia,1635,0,0,1635,4715,0,0,1635,0,0,0,0,0,1516,70,-6,33,0,0,0,0,1516,70,6,33,0,0,0,0,0,0,0,0,0,0,0,0,0,0,0,0,0,0,0,0,1630,0,0,1523,20,29,-55,0,-3,0,0,1570,11,-28,0,0,-15,37,-67,37,-67,0,0,0,0,4383,207,-16,101,0,4,0,0,4705,-7,0,-4403,52,-105,-141,-3,-11,0,0,4528,54,-81,-3,0,-43,131,-199,14,-24,26623
3507407,Borborema,5477,0,-32,5477,14176,0,36,5385,81,3,0,0,0,5052,212,-166,30,0,0,0,0,4974,198,166,30,0,0,0,0,69,12,0,0,0,0,0,0,3,0,0,0,0,0,0,0,5473,0,0,4959,100,148,-244,0,0,0,0,5130,57,-209,-8,-51,-6,21,-384,10,-383,10,0,0,0,13026,584,-466,88,0,0,0,0,14166,-6,-4,-12803,278,-419,-658,0,-3,-4,0,13192,178,-577,-39,-158,-30,49,-1085,0,-113,81002
3507456,Borebi,966,0,0,966,2713,0,0,965,0,0,0,0,0,857,50,-23,22,13,0,0,0,856,50,23,22,13,0,0,0,0,0,0,0,0,0,0,0,0,0,0,0,0,0,0,0,965,0,0,844,4,42,-71,0,0,0,0,889,30,-40,-3,0,0,9,-100,9,-100,0,0,0,0,2405,143,-55,80,29,0,0,0,2711,0,0,-2373,19,-104,-214,0,0,0,0,2508,77,-112,-10,0,-5,21,-287,0,-32,14772
3507506,Botucatu,54408,-3,-270,54408,144597,-15,361,47277,459,6534,17,0,-3,52886,985,-120,298,0,0,0,-11,45803,938,120,295,0,0,0,-11,447,10,0,0,0,0,0,0,6504,26,0,0,0,0,0,0,54346,-10,-4,51784,242,1365,-789,0,-52,-4,0,51993,2023,-216,-22,-3,-34,254,-1179,227,-1162,0,-6,23,-3,140291,2916,-359,901,3,4,-4,-58,144445,-102,-18,-137275,779,-3999,-2235,-11,-152,-58,-7,138196,5471,-647,-80,-17,-126,759,-3483,78,-483,859442
3507605,Bragança Paulista,63424,-7,-66,63424,176330,-24,84,52506,2239,8484,56,0,0,56343,3616,-2951,316,0,0,14,-3,45542,3534,2938,301,0,0,14,-3,2211,4,3,11,0,0,0,0,8408,68,0,0,0,0,0,0,63209,-140,-19,53204,463,6257,-3014,-10,-220,-3,0,58959,4226,-38,0,-6,-79,793,-6138,723,-6100,0,-18,68,0,156227,10433,-8429,1035,4,9,-62,-52,175736,-476,-76,-146882,1531,-18139,-8771,-56,-750,-62,-12,163477,12322,-200,0,-22,-252,2451,-17596,254,-2085,978490
3507704,Braúna,1965,0,0,1965,5355,0,0,1955,7,0,0,0,0,1792,146,-13,7,0,0,0,0,1782,146,13,7,0,0,0,0,7,0,0,0,0,0,0,0,0,0,0,0,0,0,0,0,1963,0,0,1782,0,60,-110,0,0,0,0,1805,43,-79,-17,-7,0,45,-123,45,-123,0,0,0,0,4867,418,-37,24,0,0,0,-3,5351,0,0,-4856,10,-177,-300,0,0,0,0,4917,129,-228,-42,-24,-9,147,-337,28,-23,30273
3507753,Brejo Alegre,962,-17,0,962,2530,-35,0,953,6,0,0,0,0,831,113,-8,4,0,0,0,0,822,113,8,4,0,0,0,0,6,0,0,0,0,0,0,0,0,0,0,0,0,0,0,0,955,0,-4,771,0,86,-95,0,0,-3,0,939,0,-16,0,0,-5,0,-127,0,-127,0,0,0,0,2164,325,-22,12,0,0,0,-4,2513,-8,-8,-2015,5,-208,-289,0,0,-9,0,2470,0,-40,-4,0,-15,0,-363,0,-26,14106
3507803,Brodowski,8879,0,-35,8879,25157,0,44,8082,746,36,0,0,0,8635,89,-37,81,3,0,12,-3,7839,89,37,81,3,0,12,-3,746,0,0,0,0,0,0,0,36,0,0,0,0,0,0,0,8859,-10,-6,8590,63,95,-102,0,-10,0,0,8595,176,-76,-5,0,-6,67,-165,67,-165,0,0,0,0,24481,292,-105,210,9,0,-39,-8,25119,-21,-11,-24332,178,-286,-320,0,-24,0,0,24370,509,-212,-27,-7,-25,198,-466,19,-54,144823
3507902,Brotas,8614,-3,-89,8614,23774,-3,90,8494,5,100,0,0,0,7995,400,-58,141,0,0,0,0,7875,400,58,141,0,0,0,0,5,0,0,0,0,0,0,0,100,0,0,0,0,0,0,0,8613,0,0,7884,107,296,-310,0,0,0,0,8231,189,-153,-3,0,-14,313,-287,313,-287,0,0,0,0,21947,1212,-163,425,0,0,0,-11,23772,0,0,-21717,295,-899,-850,0,0,0,0,22645,573,-465,-19,-4,-52,905,-913,107,-146,138187
3508009,Buri,6972,0,-21,6972,20225,0,23,6921,15,14,0,0,-12,5791,521,-192,415,0,0,0,0,5742,520,189,415,0,0,0,0,11,0,0,0,0,0,0,0,14,0,0,0,0,0,0,0,6920,-12,-17,5494,15,340,-1054,0,0,0,0,5866,502,-511,-27,-14,-19,171,-978,171,-976,0,0,0,0,16836,1605,-561,1162,0,8,-13,-12,20081,-70,-61,-15948,87,-1058,-3069,-12,-15,-3,0,17075,1445,-1468,-116,-45,-63,511,-2862,58,-439,103459
3508108,Buritama,6691,0,-61,6691,17125,-5,67,6343,325,3,0,0,0,6169,460,-44,0,0,0,0,0,5824,457,44,0,0,0,0,0,325,0,0,0,0,0,0,0,3,0,0,0,0,0,0,0,6683,0,0,5705,7,724,-224,0,0,0,0,6430,63,-147,-9,-7,-14,117,-386,117,-383,0,0,0,0,15800,1208,-103,0,0,0,0,0,17108,-9,0,-14698,25,-1760,-615,0,0,0,0,16438,195,-386,-29,-21,-44,313,-1002,20,-90,101443
3508207,Buritizal,1661,0,-3,1661,4347,0,6,1653,0,6,0,0,0,1420,68,-78,88,0,0,0,0,1412,68,78,88,0,0,0,0,0,0,0,0,0,0,0,0,6,0,0,0,0,0,0,0,1658,0,0,1442,6,31,-174,0,-4,0,0,1453,120,-81,0,0,-4,7,-224,7,-224,0,0,0,0,3698,207,-202,232,0,0,-6,0,4340,-5,0,-3767,14,-98,-454,0,-10,0,0,3782,315,-229,-4,0,-16,46,-602,0,-59,23676
3508306,Cabrália Paulista,1597,0,-9,1597,4288,0,9,1597,0,0,0,0,0,1322,243,0,25,0,0,0,0,1322,243,0,25,0,0,0,0,0,0,0,0,0,0,0,0,0,0,0,0,0,0,0,0,1589,-5,0,1310,8,116,-154,0,0,0,0,1400,3,-139,-3,0,-44,14,-252,14,-252,0,0,0,0,3520,691,-6,70,0,0,0,0,4266,-20,0,-3488,27,-327,-442,0,0,0,0,3742,19,-397,-6,-4,-117,58,-709,3,-94,22650
3508405,Cabreúva,15544,-13,-75,15544,46882,-30,79,14697,410,415,0,0,0,13691,730,-773,185,3,0,47,-24,12987,637,730,183,3,0,47,-24,272,89,38,0,0,0,0,0,414,0,0,0,0,0,0,0,15486,-4,-15,12981,76,756,-1545,-14,-38,-4,0,3501,11957,-51,0,0,-3,179,-1619,150,-1503,21,-109,0,0,41255,2391,-2310,597,32,0,-144,-110,46730,-73,-57,-39102,314,-2372,-4758,-84,-144,-64,0,10638,36028,-161,-7,0,-29,669,-4939,78,-662,246606
3508504,Caçapava,33652,-12,-197,33652,95930,-43,203,30539,1193,1850,18,0,0,32230,565,-631,122,0,0,0,-20,29260,431,627,122,0,0,0,-20,1083,101,0,0,0,0,0,0,1820,29,0,0,0,0,0,0,33193,-287,-124,29148,101,2789,-1168,-40,-261,-22,0,32323,1130,-122,0,0,-15,222,-1137,136,-1081,51,-50,29,0,91972,1644,-1834,348,6,0,-7,-73,94670,-865,-369,-82839,403,-8098,-3476,-158,-823,-77,0,92158,3315,-351,-5,-4,-72,701,-3226,74,-350,539983
3508603,Cachoeira Paulista,10903,0,-41,10903,31502,0,58,10389,7,495,0,0,0,10205,282,-139,238,0,0,0,0,9693,281,139,238,0,0,0,0,7,0,0,0,0,0,0,0,494,0,0,0,0,0,0,0,10866,-8,-7,9643,43,553,-206,-52,-329,-3,0,10524,236,-88,0,0,-20,22,-648,22,-647,0,0,0,0,29513,847,-404,688,0,0,-7,-15,31405,-37,-44,-27724,153,-1734,-650,-171,-1017,-19,0,30493,640,-267,0,-3,-71,89,-1881,6,-249,175096
3508702,Caconde,6208,0,-79,6208,17010,-4,79,6083,5,113,0,0,0,4346,329,-55,1448,3,0,0,-3,4226,324,55,1446,3,0,0,-3,5,0,0,0,0,0,0,0,113,0,0,0,0,0,0,0,6193,-4,0,4215,83,405,-1146,-23,-252,-26,0,4345,1408,-426,-3,0,-3,131,-1715,131,-1710,0,0,0,0,11822,919,-139,4084,13,0,0,-14,16967,-41,0,-11425,271,-1141,-3250,-68,-744,-85,0,11827,3943,-1187,-20,-8,-16,390,-4790,49,-538,86282
3508801,Cafelândia,6238,0,-29,6238,16590,0,36,6219,0,0,6,0,0,5744,370,-75,29,0,0,0,0,5728,369,75,29,0,0,0,0,0,0,0,0,0,0,0,0,0,0,0,0,0,0,0,0,6217,-8,0,5700,65,148,-279,0,-8,0,0,5845,59,-261,-28,0,-18,144,-335,144,-333,0,0,0,0,15226,1051,-191,98,4,9,0,0,16545,-29,-4,-15106,187,-433,-810,0,-37,0,0,15490,171,-771,-83,0,-60,418,-940,45,-121,95278
3508900,Caiabu,1467,0,0,1467,3712,0,0,1461,5,0,0,0,0,1247,213,0,0,0,0,0,0,1241,213,0,0,0,0,0,0,5,0,0,0,0,0,0,0,0,0,0,0,0,0,0,0,1466,0,0,1178,0,213,-64,0,0,0,0,1322,5,-124,0,0,0,18,-194,18,-194,0,0,0,0,3156,546,-6,0,0,0,0,0,3711,0,0,-2980,8,-549,-170,0,0,0,0,3352,22,-307,-18,-4,0,47,-504,3,-37,20945
3509007,Caieiras,32681,0,-196,32681,94748,-7,200,30314,762,1528,20,0,0,31599,89,-110,632,24,0,4,-136,29397,86,110,505,24,0,4,-114,609,3,0,124,0,0,0,-20,1519,0,0,0,0,0,0,0,32598,-27,-12,28374,180,2053,-526,-311,-1012,-36,0,30346,2231,-25,0,-17,-8,81,-942,77,-790,0,-150,4,0,91507,317,-378,1907,120,16,-28,-424,94509,-157,-66,-81912,673,-6134,-1680,-970,-3131,-169,-13,87968,6551,-115,0,-54,-38,361,-2856,35,-388,534619
3509106,Caiuá,1692,0,0,1692,4307,0,0,1690,0,0,0,0,0,1004,669,-11,0,0,0,0,0,1003,668,11,0,0,0,0,0,0,0,0,0,0,0,0,0,0,0,0,0,0,0,0,0,1690,0,0,923,0,257,-493,0,0,0,0,1073,27,-512,-60,0,-8,477,-204,476,-204,0,0,0,0,2466,1806,-30,0,0,0,0,0,4305,0,0,-2274,15,-684,-1322,0,0,0,0,2676,76,-1358,-153,0,-35,1269,-569,113,-66,22402
3509205,Cajamar,32631,-3,-75,32631,92532,-10,111,24051,885,7554,79,0,-6,30129,636,-1280,155,198,0,0,-115,21697,579,1270,152,147,0,0,-112,823,45,7,0,0,0,0,0,7481,6,0,0,49,0,0,-3,32187,-58,-337,25441,580,1683,-2437,-183,-2042,-44,0,27207,5246,-61,0,-14,-32,76,-2352,64,-2229,0,-58,10,-52,85327,1903,-3755,463,634,0,-27,-373,91271,-236,-1003,-71321,1895,-5029,-7281,-570,-6166,-189,-4,77915,14232,-179,0,-51,-115,310,-6866,32,-1001,504655
3509254,Cajati,9906,0,0,9906,28488,0,0,9483,47,357,0,0,0,7962,413,-263,798,0,0,394,-3,7545,413,263,797,0,0,390,-3,47,0,0,0,0,0,0,0,357,0,0,0,0,0,0,0,9861,-13,-3,6848,217,1877,-269,-259,-307,-7,-5,9309,341,-193,0,0,-5,109,-1801,109,-1795,0,0,0,0,22922,1203,-835,2389,6,4,-1084,-19,28395,-63,-12,-19732,728,-5359,-784,-821,-941,-68,-11,26806,1023,-607,-3,-7,-27,400,-5154,39,-795,148904
3509304,Cajobi,3513,0,0,3513,9127,0,0,3511,0,0,0,0,0,3303,191,-8,0,0,0,0,0,3301,191,8,0,0,0,0,0,0,0,0,0,0,0,0,0,0,0,0,0,0,0,0,0,3513,0,0,3199,186,16,-103,0,0,0,0,3353,58,-78,-3,0,-7,64,-136,64,-136,0,0,0,0,8559,526,-29,0,0,0,0,0,9127,0,0,-8299,499,-56,-267,0,0,0,0,8690,166,-225,-22,-4,-16,180,-375,10,-39,55065
3509403,Cajuru,8600,0,-47,8600,23738,-4,50,8306,246,22,14,0,0,7599,491,-53,410,0,0,3,-16,7374,428,53,408,0,0,3,-13,184,59,0,0,0,0,0,0,22,0,0,0,0,0,0,0,8573,-3,-3,7546,131,445,-425,0,-9,-5,0,7660,567,-314,-9,-5,-21,227,-757,206,-707,14,-46,0,0,20975,1426,-146,1113,0,0,-10,-46,23691,-24,-7,-20836,411,-1229,-1184,-15,-27,-11,0,21106,1559,-906,-41,-29,-87,652,-2103,73,-235,133612
3509452,Campina do Monte Alegre,2194,0,-5,2194,5946,0,5,2185,0,0,0,0,0,1930,128,-102,26,0,0,0,0,1921,128,102,26,0,0,0,0,0,0,0,0,0,0,0,0,0,0,0,0,0,0,0,0,2190,0,0,1756,0,331,-99,0,0,0,0,2089,64,-24,-5,0,-3,17,-242,17,-242,0,0,0,0,5232,375,-251,83,0,0,0,0,5937,0,-6,-4804,7,-843,-287,0,0,0,0,5678,151,-81,-16,0,-14,62,-649,8,-70,33039
3509502,Campinas,429504,-111,-2322,429504,1134756,-510,2726,281657,13868,131995,691,0,-375,424586,2372,-583,199,531,0,30,-633,277445,1876,556,187,491,0,30,-615,13379,437,21,0,4,0,0,0,131817,35,0,7,36,0,0,-8,428583,-296,-246,401632,2563,8404,-7871,-379,-6921,-423,0,370997,57043,-385,-21,-152,-201,1722,-2699,1278,-2546,329,-133,89,0,1120979,7058,-1867,680,1598,34,-141,-2069,1132274,-1409,-845,-1051900,7780,-24849,-24438,-1454,-21998,-1663,-28,993602,138136,-1268,-78,-546,-755,5479,-8019,714,-936,6788021
3509601,Campo Limpo Paulista,26666,-84,-162,26666,77179,-262,170,26030,51,511,32,0,0,24523,942,-908,41,0,0,12,-90,23931,914,900,39,0,0,12,-90,22,23,0,0,0,0,0,0,509,0,0,0,0,0,0,0,26427,-149,-29,20691,540,2564,-2439,-16,-233,-9,0,26105,431,-17,0,-5,-34,282,-1747,281,-1710,0,-26,0,0,70922,2859,-2782,170,21,10,-40,-315,76468,-516,-166,-59513,1679,-7646,-7377,-47,-769,-80,0,75597,1308,-83,-7,-19,-131,955,-5262,58,-674,423104
3509700,Campos do Jordão,16107,-3,-95,16107,46514,-17,104,14790,331,904,0,0,-7,14420,68,-3,1431,18,0,4,-44,13188,42,0,1379,18,0,4,-40,276,12,0,37,0,0,0,0,892,9,0,0,0,0,0,0,16053,-6,-12,13490,65,1155,-657,-52,-453,-3,-3,12818,3176,-15,0,0,-8,202,-1397,192,-1324,0,-50,0,-6,41620,233,-50,4278,58,0,-20,-198,46360,-55,-81,-38957,343,-3310,-2128,-152,-1465,-60,-6,36501,9857,-56,-7,-6,-50,757,-4105,83,-535,258460
3509809,Campos Novos Paulista,1806,0,-15,1806,4864,0,15,1800,5,0,0,0,0,1483,243,-41,32,0,0,0,0,1477,243,41,32,0,0,0,0,5,0,0,0,0,0,0,0,0,0,0,0,0,0,0,0,1803,0,0,1475,7,43,-272,0,0,0,0,1613,52,-139,0,0,0,13,-307,13,-307,0,0,0,0,3973,681,-97,99,0,0,-8,0,4856,-7,0,-3961,23,-123,-741,0,-7,0,0,4334,139,-382,0,-7,0,35,-854,0,-86,25657
3509908,Cananéia,4364,0,-32,4364,12152,0,51,4342,3,5,0,0,0,3761,148,-51,283,0,0,38,-25,3740,148,51,282,0,0,38,-25,3,0,0,0,0,0,0,0,5,0,0,0,0,0,0,0,4286,-26,-30,3456,63,582,-116,-36,-23,-10,0,3986,200,-69,0,0,-57,101,-474,100,-474,0,0,0,0,10434,491,-155,791,0,0,-126,-127,11876,-147,-120,-9456,217,-1703,-416,-176,-95,-45,-10,11094,615,-234,0,-5,-179,344,-1366,48,-206,66448
3509957,Canas,1575,0,-6,1575,4913,0,17,1557,7,10,0,0,0,1480,67,-14,7,0,0,0,0,1462,67,14,7,0,0,0,0,7,0,0,0,0,0,0,0,10,0,0,0,0,0,0,0,1572,0,0,1345,13,61,-89,-42,-5,0,0,1506,28,-20,-3,0,-6,4,-86,4,-86,0,0,0,0,4632,219,-41,15,0,0,0,0,4906,0,-6,-4215,43,-183,-298,-133,-20,-10,-3,4712,94,-84,-5,0,-18,15,-264,0,-32,26275
3510005,Cândido Mota,10895,0,-55,10895,29386,-7,55,10853,0,31,0,0,-4,10282,396,-150,33,3,0,0,0,10240,396,150,33,3,0,0,0,0,0,0,0,0,0,0,0,31,0,0,0,0,0,0,0,10888,0,0,10199,5,273,-373,0,0,0,0,10439,209,-168,-4,0,-55,32,-562,32,-562,0,0,0,0,27759,1065,-424,111,7,0,-3,-8,29373,-8,0,-27559,44,-754,-997,0,-3,0,0,28130,567,-511,-14,-7,-152,115,-1504,8,-134,168920
3510104,Cândido Rodrigues,1102,0,0,1102,2876,-13,0,1100,0,0,0,0,0,984,115,0,0,0,0,0,0,982,115,0,0,0,0,0,0,0,0,0,0,0,0,0,0,0,0,0,0,0,0,0,0,1102,0,0,980,4,16,-86,-12,0,0,0,1007,11,-43,-5,-4,-32,0,-117,0,-117,0,0,0,0,2531,339,0,4,0,0,0,0,2876,0,0,-2512,21,-49,-262,-32,0,0,0,2606,33,-130,-17,-9,-81,3,-342,0,-39,16007
3510153,Canitar,2077,0,0,2077,6281,0,0,2076,0,0,0,0,0,1947,102,0,23,0,0,0,0,1946,102,0,23,0,0,0,0,0,0,0,0,0,0,0,0,0,0,0,0,0,0,0,0,2076,0,0,1980,21,9,-47,0,0,0,0,1948,99,-16,0,0,-4,84,-41,84,-41,0,0,0,0,5887,310,0,78,0,0,0,0,6278,-3,0,-5976,82,-52,-163,0,0,0,0,5915,300,-51,0,0,-9,246,-140,41,-28,35521
3510203,Capão Bonito,16041,-3,-62,16041,46184,-13,119,15707,76,217,12,0,0,14063,428,-772,665,0,0,48,-7,13738,422,772,665,0,0,48,-7,76,0,0,0,0,0,0,0,209,6,0,0,0,0,0,0,15830,-136,-18,12622,120,705,-2458,0,-31,0,-3,15126,175,-635,-24,0,-14,186,-1748,182,-1744,0,0,0,-3,40693,1255,-2158,1855,0,10,-151,-26,45654,-431,-58,-36495,369,-2114,-7000,-3,-139,-7,-18,43670,523,-1789,-98,-3,-82,568,-4897,60,-576,241417
3510302,Capela do Alto,7115,-3,-16,7115,20614,-3,22,7098,7,0,0,0,0,5962,815,-256,12,0,0,0,-24,5946,814,256,12,0,0,0,-24,7,0,0,0,0,0,0,0,0,0,0,0,0,0,0,0,7013,-38,-45,4918,7,1110,-1027,-3,0,0,0,968,6080,-26,-6,0,-12,63,-1060,63,-1059,0,0,0,0,17414,2318,-744,42,3,5,0,-65,20386,-101,-115,-14428,73,-3298,-2783,-9,0,-6,0,2766,17684,-96,-22,-5,-33,249,-2943,23,-335,108395
3510401,Capivari,17188,-5,-46,17188,49995,-11,46,16449,229,479,4,0,-9,16661,372,-28,24,10,0,0,-36,15931,371,28,24,10,0,0,-36,229,0,0,0,0,0,0,0,474,0,0,0,0,0,0,0,17124,-4,-41,15798,40,735,-294,-53,-167,-4,0,15347,1736,-66,0,-6,0,174,-313,170,-311,0,0,0,0,48431,1211,-84,85,32,0,-7,-124,49828,-41,-117,-45861,190,-2205,-936,-189,-549,-26,0,44838,4905,-208,-4,-26,0,575,-964,71,-148,284083
3510500,Caraguatatuba,48616,-45,-290,48616,133833,-124,323,44022,1455,2775,68,0,-103,46399,406,-43,790,0,0,73,-735,42058,363,43,650,0,0,47,-699,1261,35,0,123,0,0,23,-5,2766,3,0,0,0,0,0,0,48059,-173,-300,39742,1174,4646,-2010,-541,-89,-64,0,47075,1239,-26,0,-162,-4,507,-1581,463,-1380,9,-174,3,0,127613,1210,-161,2295,5,14,-228,-2236,132246,-583,-960,-108325,3481,-13530,-5959,-1770,-342,-267,0,129700,3428,-92,0,-507,-39,1609,-4548,267,-691,770747
3510609,Carapicuíba,136773,-43,-207,136773,386567,-104,213,111860,2276,21476,834,0,-18,135679,378,-134,107,7,0,28,-124,110999,200,132,106,7,0,28,-110,2257,3,0,0,0,0,0,-10,21283,165,0,0,0,0,0,-3,136372,-204,-32,118305,2286,4041,-1954,-515,-8405,-303,0,126938,9542,0,0,-46,-7,285,-546,146,-488,0,-9,127,-40,383534,1219,-512,362,43,19,-132,-571,385433,-884,-134,-331788,7502,-12478,-6198,-1726,-25335,-1131,-8,357575,28522,-16,0,-255,-96,1092,-1814,67,-230,2234951
3510708,Cardoso,4603,0,-32,4603,11312,0,32,4572,26,0,0,0,0,4171,360,-38,10,0,0,0,0,4163,338,38,10,0,0,0,0,4,21,0,0,0,0,0,0,0,0,0,0,0,0,0,0,4594,0,0,4137,8,207,-231,0,0,0,0,4269,187,-123,0,0,-3,89,-318,84,-301,5,-16,0,0,10191,968,-114,34,0,0,0,0,11295,-11,0,-10095,20,-561,-618,-3,0,0,0,10437,506,-326,-3,-7,-22,217,-890,15,-78,67736
3510807,Casa Branca,9744,-8,-105,9744,26445,-25,105,9529,29,159,8,0,0,8681,703,-150,169,0,0,13,-3,8472,697,150,169,0,0,13,-3,29,0,0,0,0,0,0,0,156,0,0,0,0,0,0,0,9661,-66,-7,8809,0,228,-639,-9,-8,-3,0,8895,383,-300,-17,0,-123,157,-878,150,-876,0,0,3,0,23440,2039,-394,500,0,0,-44,-12,26221,-199,-23,-23736,13,-704,-1888,-36,-29,-16,0,23973,1153,-865,-86,0,-356,448,-2545,58,-350,146643
3510906,Cássia dos Coqueiros,1076,0,-11,1076,2788,0,11,1070,4,0,0,0,0,754,151,-21,140,0,0,0,0,750,151,21,139,0,0,0,0,4,0,0,0,0,0,0,0,0,0,0,0,0,0,0,0,1073,0,0,694,0,88,-283,0,0,0,0,855,129,-85,0,0,0,0,-319,0,-317,0,0,0,0,1942,373,-57,401,0,0,-5,-9,2782,0,-3,-1775,5,-244,-754,-4,0,-3,0,2214,346,-216,-4,0,-5,0,-846,0,-84,13992
3511003,Castilho,7326,-47,-56,7326,19788,-126,59,7286,32,0,0,0,0,5531,1668,-71,0,7,0,3,-18,5494,1667,71,0,7,0,3,-18,32,0,0,0,0,0,0,0,0,0,0,0,0,0,0,0,7264,-24,-19,5193,444,604,-1050,0,0,-5,0,5750,665,-780,-66,0,-40,573,-1209,573,-1205,0,0,0,0,14850,4644,-182,3,29,0,-18,-39,19655,-69,-56,-13926,1251,-1657,-2912,0,0,-15,0,15426,1877,-2167,-188,-4,-117,1625,-3307,192,-378,107149
3511102,Catanduva,44039,0,-54,44039,115534,-6,68,39661,480,3848,4,0,0,43150,714,-89,3,0,0,0,-6,38933,554,89,3,0,0,0,-6,474,5,0,0,0,0,0,0,3693,152,0,0,0,0,0,0,43994,-10,-15,43232,6,494,-192,-10,-6,-3,0,42543,1265,-124,0,0,-39,188,-621,69,-579,5,0,111,-40,113157,2004,-257,22,3,7,-7,-35,115429,-47,-44,-113288,110,-1411,-572,-48,-27,-36,0,112047,2938,-361,-25,0,-135,569,-1766,29,-151,693655
3511201,Catiguá,2510,0,-6,2510,6991,-4,6,2504,4,0,0,0,0,2398,95,-9,0,0,0,0,0,2392,95,9,0,0,0,0,0,4,0,0,0,0,0,0,0,0,0,0,0,0,0,0,0,2506,0,0,2399,0,19,-84,0,0,0,0,2437,28,-32,-10,0,0,101,-4,101,-4,0,0,0,0,6675,283,-28,0,0,0,0,0,6981,-9,0,-6673,0,-54,-254,0,-10,0,0,6778,89,-93,-29,0,0,296,-17,34,0,40925
3511300,Cedral,4656,0,-51,4656,12560,0,56,4648,0,4,0,0,0,4134,451,-60,0,0,0,0,0,4126,451,60,0,0,0,0,0,0,0,0,0,0,0,0,0,4,0,0,0,0,0,0,0,4640,-13,0,4063,30,345,-195,0,0,0,0,4422,18,-165,-3,0,-36,83,-423,83,-423,0,0,0,0,11107,1277,-164,0,0,0,0,0,12518,-36,0,-10920,96,-967,-553,-6,0,0,0,11891,61,-474,-12,0,-119,248,-1196,14,-102,70784
3511409,Cerqueira César,7391,0,-34,7391,20231,-3,34,7333,9,39,0,0,0,6728,430,-26,190,0,0,0,0,6670,430,26,190,0,0,0,0,9,0,0,0,0,0,0,0,39,0,0,0,0,0,0,0,7379,0,-6,6634,7,168,-548,-4,0,0,0,6767,273,-234,-12,-27,-51,62,-590,62,-590,0,0,0,0,18347,1293,-61,501,0,0,-9,-6,20203,-7,-15,-18108,58,-470,-1555,-14,-5,0,0,18467,790,-669,-36,-105,-153,190,-1686,20,-213,113124
3511508,Cerquilho,15904,0,-117,15904,44533,0,161,15464,242,181,0,0,0,15025,572,-106,76,80,0,13,0,14618,550,103,66,80,0,13,0,208,19,0,10,0,0,0,0,181,0,0,0,0,0,0,0,15888,-3,0,14865,25,299,-667,-5,-6,0,0,15508,301,-45,-7,0,-24,57,-796,55,-764,0,-30,0,0,41969,1725,-282,259,258,0,-31,0,44483,-24,-18,-41551,92,-941,-1898,-12,-21,0,0,43415,869,-143,-23,0,-67,217,-2335,24,-296,254100
3511607,Cesário Lange,6133,0,-11,6133,17921,0,17,6070,41,3,6,0,0,5051,357,-613,42,4,0,0,-28,4995,351,613,41,4,0,0,-28,41,0,0,0,0,0,0,0,3,0,0,0,0,0,0,0,6052,-66,-7,4428,37,344,-1282,0,0,-3,0,5987,52,-31,0,0,-37,139,-911,139,-904,0,0,0,0,14784,1074,-1784,138,20,0,0,-105,17679,-200,-36,-12979,107,-998,-3807,-5,0,-11,0,17500,167,-111,-3,0,-124,460,-2661,45,-327,89906
3511706,Charqueada,5340,0,-5,5340,15529,0,5,5332,0,0,0,0,0,5195,56,-44,21,0,0,3,0,5187,56,44,21,0,0,3,0,0,0,0,0,0,0,0,0,0,0,0,0,0,0,0,0,5335,0,-3,4441,7,96,-700,-31,-28,0,0,5257,28,-29,0,0,0,0,-123,0,-123,0,0,0,0,15080,200,-145,72,14,0,-12,0,15506,0,-22,-12832,32,-317,-2111,-122,-92,-9,0,15259,114,-115,-8,-3,-21,26,-417,0,-49,86238
3511904,Clementina,2566,0,-13,2566,6963,0,17,2561,0,3,0,0,0,2464,84,-4,0,0,0,0,0,2459,84,4,0,0,0,0,0,0,0,0,0,0,0,0,0,3,0,0,0,0,0,0,0,2563,0,0,2465,3,48,-37,0,0,0,0,2480,20,-54,-4,0,0,0,-91,0,-91,0,0,0,0,6699,221,-32,4,0,0,0,0,6959,0,0,-6705,14,-137,-96,0,0,0,0,6734,63,-147,-16,0,0,16,-239,0,-19,40378
3512001,Colina,6560,0,-15,6560,18444,-7,34,6510,21,17,9,0,0,6257,229,-33,25,0,0,0,0,6208,229,33,25,0,0,0,0,21,0,0,0,0,0,0,0,16,0,0,0,0,0,0,0,6548,0,0,6256,108,129,-8,-9,-27,0,0,6316,22,-162,-7,-7,-34,120,-175,120,-175,0,0,0,0,17561,682,-94,78,0,0,0,-16,18409,-20,-9,-17551,326,-354,-52,-39,-100,-6,-5,17752,79,-460,-25,-17,-106,363,-516,59,-65,106032
3512100,Colômbia,2323,-20,0,2323,6394,-62,0,2311,4,0,0,0,0,1924,302,-77,0,0,0,0,0,1915,300,77,0,0,0,0,0,4,0,0,0,0,0,0,0,0,0,0,0,0,0,0,0,2295,-20,-5,1930,63,189,-115,0,0,0,0,2074,13,-209,-8,0,0,209,-174,209,-173,0,0,0,0,5204,927,-251,4,0,0,0,-4,6328,-48,-15,-5238,203,-610,-332,0,0,0,0,5626,48,-651,-46,-3,-10,628,-558,90,-85,35203
3512209,Conchal,9453,0,-58,9453,28026,0,58,9238,8,199,0,0,0,8833,223,-185,177,0,0,3,0,8624,221,184,175,0,0,3,0,3,0,0,0,0,0,0,0,198,0,0,0,0,0,0,0,9419,-19,0,8791,64,115,-338,0,-106,0,0,9038,246,-144,0,0,0,120,-476,120,-471,0,-5,0,0,26184,698,-581,523,0,0,-19,-7,27939,-74,-4,-26023,255,-371,-995,0,-364,-5,0,26782,766,-420,-20,-11,-16,403,-1432,40,-163,154275
3512308,Conchas,5588,0,-63,5588,15146,0,63,5562,0,23,0,0,0,4457,532,-343,169,11,0,32,-12,4431,532,343,169,11,0,32,-12,0,0,0,0,0,0,0,0,23,0,0,0,0,0,0,0,5500,-9,-70,4103,133,613,-628,-41,-15,0,0,4756,472,-313,-4,-7,-8,22,-1097,22,-1097,0,0,0,0,11986,1498,-987,455,42,0,-91,-67,14895,-34,-210,-11051,394,-1688,-1780,-142,-49,-22,0,12913,1249,-885,-18,-36,-31,79,-3076,6,-317,77647
3512407,Cordeirópolis,8524,0,-12,8524,24461,-12,18,7988,14,514,0,0,0,8174,228,-79,15,0,0,0,0,7639,228,79,15,0,0,0,0,14,0,0,0,0,0,0,0,513,0,0,0,0,0,0,0,8470,-27,-9,7858,59,149,-396,0,-28,0,0,8235,200,-53,-5,-3,0,113,-219,113,-219,0,0,0,0,23433,722,-236,53,0,0,0,-8,24305,-104,-41,-22488,212,-456,-1197,0,-96,0,0,23652,601,-167,-14,-6,-13,344,-676,20,-78,138845
3512506,Coroados,2021,0,0,2021,5399,0,0,2016,3,0,0,0,0,1736,241,-37,0,0,0,0,0,1732,240,37,0,0,0,0,0,3,0,0,0,0,0,0,0,0,0,0,0,0,0,0,0,2020,0,0,1740,120,40,-120,0,0,0,0,1925,9,-63,-4,0,-12,51,-229,51,-228,0,0,0,0,4597,679,-120,3,0,0,0,0,5398,0,0,-4605,343,-111,-338,0,0,0,0,5121,36,-176,-24,-4,-34,163,-638,24,-59,30967
3512605,Coronel Macedo,1654,0,0,1654,4280,0,0,1650,0,0,0,0,0,1390,100,-9,146,0,0,0,0,1388,99,9,145,0,0,0,0,0,0,0,0,0,0,0,0,0,0,0,0,0,0,0,0,1650,0,0,1324,7,171,-138,0,0,-3,0,1491,22,-111,-3,0,-21,5,-254,5,-252,0,0,0,0,3557,287,-37,395,0,0,0,0,4274,-4,0,-3396,21,-472,-371,-5,0,-7,0,3853,60,-280,-18,-4,-65,14,-707,0,-74,23420
3512704,Corumbataí,1458,0,0,1458,4186,-6,0,1444,10,0,0,0,0,992,250,-49,138,11,0,0,-7,980,250,49,136,11,0,0,-7,10,0,0,0,0,0,0,0,0,0,0,0,0,0,0,0,1449,0,-5,911,6,261,-245,-7,0,-4,0,1054,190,-189,-5,0,-8,25,-434,25,-432,0,0,0,0,2808,743,-146,418,37,0,-6,-20,4161,-4,-20,-2587,38,-767,-728,-32,-8,-18,0,3004,553,-567,-21,-4,-32,84,-1287,4,-157,19352
3512803,Cosmópolis,21678,0,-110,21678,59640,-5,112,20207,113,1306,11,0,-8,20588,461,-345,13,183,0,0,-37,19137,452,340,13,177,0,0,-37,110,0,0,0,0,0,0,0,1298,4,0,0,3,0,0,0,21624,-11,-4,20213,83,474,-580,-12,-224,0,0,20488,1084,-38,-5,-3,-9,61,-1000,51,-991,0,-3,7,0,56552,1339,-992,54,535,3,-4,-139,59502,-83,-30,-55549,292,-1396,-1673,-40,-629,-15,0,56357,3067,-128,-23,-9,-33,228,-2844,17,-304,342242
3512902,Cosmorama,3267,0,0,3267,8717,0,0,3257,0,3,0,0,0,2686,495,-64,7,0,0,0,0,2676,495,64,7,0,0,0,0,0,0,0,0,0,0,0,0,3,0,0,0,0,0,0,0,3256,-6,0,2687,8,311,-247,0,0,0,0,2764,148,-318,-8,-17,0,32,-535,32,-535,0,0,0,0,7148,1353,-179,26,0,0,0,0,8689,-18,-7,-7157,20,-864,-655,-5,-5,0,0,7356,384,-893,-33,-43,0,94,-1470,8,-157,46044
3513009,Cotia,95891,-20,-317,95891,273618,-118,393,69763,10547,14870,359,0,-145,89644,2690,-2494,143,286,-5,7,-182,64643,1776,2418,136,212,-5,7,-154,9823,603,47,3,5,0,0,0,14505,273,0,0,65,0,0,-9,95185,-97,-431,58659,2985,19734,-8264,-453,-4710,-208,0,84492,10712,-283,-5,-49,-55,1192,-4732,878,-3955,178,-499,103,-242,255429,8251,-7484,507,947,20,-67,-677,271546,-521,-1429,-164919,8873,-57654,-25216,-1596,-14223,-822,-14,240807,31233,-1002,-30,-206,-221,3969,-14088,400,-1885,1525232
3513108,Cravinhos,11347,0,-57,11347,33204,-12,57,11213,75,48,0,0,0,11140,76,-8,110,0,0,0,0,11007,75,8,110,0,0,0,0,75,0,0,0,0,0,0,0,48,0,0,0,0,0,0,0,11342,-3,0,11111,20,67,-127,0,0,-5,0,11177,74,-86,0,0,0,6,-188,6,-187,0,0,0,0,32613,230,-23,323,8,0,0,0,33193,-10,0,-32523,70,-196,-381,0,-13,-12,0,32720,222,-243,-3,0,-9,34,-552,0,-58,188460
3513207,Cristais Paulista,3262,0,-5,3262,9261,-4,5,3074,163,22,0,0,0,2465,584,-30,158,0,0,0,-3,2404,462,30,157,0,0,0,-3,37,121,0,0,0,0,0,0,22,0,0,0,0,0,0,0,3252,-6,0,2371,115,564,-181,0,0,-5,0,2737,258,-219,0,0,-36,37,-744,34,-624,3,-118,0,0,6975,1711,-81,465,0,0,0,-12,9227,-25,-8,-6681,316,-1711,-513,-3,0,-23,0,7782,756,-611,-3,0,-97,109,-2168,3,-280,48010
3513306,Cruzália,822,0,0,822,2108,0,0,818,0,0,0,0,0,697,67,-48,0,0,0,0,0,693,67,48,0,0,0,0,0,0,0,0,0,0,0,0,0,0,0,0,0,0,0,0,0,821,0,0,699,0,7,-106,0,0,0,0,754,34,-24,0,0,-4,0,-115,0,-115,0,0,0,0,1759,213,-130,6,0,0,0,0,2106,0,0,-1764,0,-41,-297,0,0,0,0,1920,90,-72,-5,0,-16,15,-332,0,-39,11458
3513405,Cruzeiro,26774,-9,-54,26774,74847,-29,65,24715,240,1711,42,0,0,26314,58,-54,201,9,0,76,-7,24258,58,54,200,9,0,76,-7,240,0,0,0,0,0,0,0,1711,0,0,0,0,0,0,0,26667,-26,-41,25287,52,251,-372,-73,-665,-7,0,25769,846,-100,0,0,-11,67,-358,67,-357,0,0,0,0,73586,203,-165,584,25,11,-211,-32,74589,-116,-110,-70582,172,-759,-1137,-224,-1909,-29,0,71919,2513,-327,-9,-10,-46,215,-1022,20,-135,432282
3513504,Cubatão,40067,0,-59,40067,112321,0,59,30403,1258,8009,302,0,0,38595,44,0,1136,26,-3,20,-146,28988,44,0,1120,20,-3,15,-121,1222,0,0,0,6,0,5,-22,7991,0,0,7,0,0,0,0,39780,-213,-19,30418,777,662,-1075,-3328,-3567,-23,0,28351,11338,0,0,-291,0,731,-675,711,-640,6,-27,6,0,108120,163,-33,3369,74,13,-94,-428,111603,-632,-53,-84816,2390,-2015,-3193,-9562,-10148,-108,0,79012,32339,-17,0,-895,-18,2206,-1974,281,-253,639624
3513603,Cunha,8573,0,-39,8573,22062,-3,43,8371,0,181,0,0,0,5113,263,-572,2559,0,0,4,0,4920,262,570,2556,0,0,4,0,0,0,0,0,0,0,0,0,178,0,0,0,0,0,0,0,8486,-43,-3,4826,112,311,-2649,-186,-380,-7,-3,4892,1886,-1667,-15,0,-51,16,-3402,16,-3396,0,0,0,0,13128,711,-1467,6649,0,5,-65,-6,21868,-163,-7,-12386,288,-797,-7022,-461,-999,-52,-9,12606,4864,-4327,-80,-4,-158,104,-8809,3,-915,94860
3513702,Descalvado,11396,-4,-108,11396,31613,-23,108,11298,33,51,0,0,0,10465,552,-43,305,0,0,0,0,10369,551,43,304,0,0,0,0,33,0,0,0,0,0,0,0,50,0,0,0,0,0,0,0,11385,0,-5,10438,143,408,-352,-4,0,-5,0,10608,138,-424,-20,0,-172,161,-744,160,-743,0,0,0,0,28904,1637,-147,893,0,0,-6,-12,31586,-4,-16,-28814,433,-1224,-1052,-17,-24,-35,0,29298,412,-1296,-90,-5,-499,512,-2179,75,-271,177420
3513801,Diadema,144815,-11,-201,144815,392325,-64,201,116208,629,27062,635,0,-31,144577,87,0,6,22,0,0,-16,116033,53,0,6,18,0,0,-12,628,0,0,0,0,0,0,0,27000,34,0,0,4,0,0,-4,144143,-578,-16,141152,1824,844,-76,-94,-405,-57,0,137680,6562,0,0,-305,-32,26,-108,6,-89,0,0,20,-19,391686,316,-15,32,88,0,-7,-116,390693,-1525,-50,-382175,5247,-2594,-308,-307,-1293,-212,-14,372530,18592,-8,0,-981,-115,239,-345,3,-49,2334609
3513850,Dirce Reis,642,0,0,642,1620,0,0,642,0,0,0,0,0,556,78,-3,0,0,0,0,0,556,78,3,0,0,0,0,0,0,0,0,0,0,0,0,0,0,0,0,0,0,0,0,0,642,0,0,548,3,0,-88,0,0,0,0,620,0,-17,0,0,0,6,-75,6,-75,0,0,0,0,1368,237,-9,0,0,0,0,0,1620,0,0,-1353,15,0,-251,0,0,0,0,1555,8,-51,-3,0,0,24,-222,0,-13,9309
3513900,Divinolândia,4189,0,-33,4189,10977,-3,33,4151,0,28,0,0,0,2861,53,-26,1226,0,0,0,0,2823,53,26,1226,0,0,0,0,0,0,0,0,0,0,0,0,28,0,0,0,0,0,0,0,4185,0,0,2580,4,152,-665,-32,-652,-72,0,3179,587,-358,0,-6,-37,36,-1270,36,-1270,0,0,0,0,7476,142,-77,3260,0,0,-4,0,10971,-3,0,-6710,23,-411,-1787,-110,-1759,-164,0,8329,1596,-904,0,-30,-100,116,-3374,6,-355,54329
3514007,Dobrada,3076,0,0,3076,8758,0,0,3046,0,0,24,0,0,2998,54,0,3,7,0,0,0,2968,54,0,3,7,0,0,0,0,0,0,0,0,0,0,0,0,0,0,0,0,0,0,0,3064,0,-8,3001,0,21,-35,0,-3,0,0,3041,0,-12,0,0,-9,7,-59,7,-59,0,0,0,0,8532,174,0,15,18,0,0,-7,8728,0,-26,-8546,11,-60,-118,0,-15,-4,0,8661,10,-43,0,0,-39,37,-184,3,-26,50151
3514106,Dois Córregos,8846,0,-151,8846,24332,-4,151,8778,30,21,8,0,0,8489,204,-18,105,0,0,0,0,8438,186,18,105,0,0,0,0,12,14,0,0,0,0,0,0,21,0,0,0,0,0,0,0,8829,-4,-3,8229,400,102,-60,0,-5,-3,0,8491,167,-143,-3,0,-7,201,-135,183,-135,14,0,0,0,23380,586,-48,286,3,0,-3,0,24291,-25,-8,-22689,1052,-325,-178,-7,-47,-13,0,23380,442,-431,-17,-12,-37,543,-392,41,-46,144275
3514205,Dolcinópolis,887,0,0,887,2206,0,0,887,0,0,0,0,0,803,76,-4,0,0,0,0,0,803,76,4,0,0,0,0,0,0,0,0,0,0,0,0,0,0,0,0,0,0,0,0,0,887,0,0,807,0,19,-57,0,0,0,0,812,30,-34,-5,0,0,3,-77,3,-77,0,0,0,0,1978,210,-17,0,0,0,0,0,2206,0,0,-1991,0,-61,-150,0,-3,0,0,2002,80,-101,-19,-3,0,15,-211,0,-19,12852
3514304,Dourado,3103,0,-21,3103,8075,0,21,3103,0,0,0,0,0,2945,88,-9,57,0,0,0,0,2945,88,9,57,0,0,0,0,0,0,0,0,0,0,0,0,0,0,0,0,0,0,0,0,3098,0,0,2917,52,116,-3,0,0,0,0,2954,111,-28,0,0,0,34,-120,34,-120,0,0,0,0,7649,239,-37,149,0,0,0,0,8058,-13,-3,-7571,141,-333,-16,-3,0,0,0,7675,317,-68,-5,-7,0,91,-335,9,-30,48516
3514403,Dracena,17093,0,-83,17093,44299,-3,86,16619,129,315,8,0,0,16412,583,-47,7,0,-4,0,-11,15943,583,47,7,0,0,0,-8,129,0,0,0,0,0,0,0,315,0,0,0,0,0,0,0,17081,0,0,15863,20,532,-618,-4,0,0,0,16404,333,-211,-53,0,-51,116,-544,116,-539,0,0,0,0,42529,1559,-127,25,0,11,-4,-30,44279,-7,0,-41141,86,-1402,-1626,-12,0,0,0,42544,883,-565,-140,-11,-130,314,-1445,17,-125,263439
3514502,Duartina,4790,0,-21,4790,12305,0,21,4781,3,0,3,0,0,4247,474,-8,33,0,0,0,-10,4239,473,8,33,0,0,0,-10,0,0,0,0,0,0,0,0,0,0,0,0,0,0,0,0,4735,-41,-10,4236,14,394,-119,-3,0,0,0,4360,220,-163,-11,0,-8,20,-510,20,-510,0,0,0,0,10844,1281,-34,105,0,0,0,-31,12154,-117,-31,-10826,28,-1099,-322,-7,0,-4,0,11163,608,-436,-38,-10,-36,65,-1387,9,-177,70477
3514601,Dumont,3296,0,-6,3296,9465,0,6,3269,15,5,0,0,0,3223,31,-6,31,0,0,0,0,3197,30,6,31,0,0,0,0,15,0,0,0,0,0,0,0,5,0,0,0,0,0,0,0,3296,0,0,3214,4,50,-21,0,0,0,0,3245,14,-25,0,0,-6,3,-65,3,-64,0,0,0,0,9267,94,-16,82,0,0,0,-3,9465,0,0,-9255,17,-142,-45,0,-3,0,0,9331,38,-69,-4,-11,-12,18,-179,0,-16,54114
3514700,Echaporã,2283,0,0,2283,6204,0,0,2250,31,0,0,0,0,1952,231,-35,60,0,0,0,0,1950,200,35,60,0,0,0,0,0,31,0,0,0,0,0,0,0,0,0,0,0,0,0,0,2283,0,0,1921,0,112,-236,0,0,0,0,2089,58,-122,-3,0,0,31,-295,21,-274,8,-19,0,0,5264,673,-97,168,0,0,0,0,6204,0,0,-5177,0,-351,-668,0,0,0,0,5665,164,-336,-27,0,-7,101,-837,11,-114,33745
3514809,Eldorado,4590,0,-8,4590,13025,0,11,4543,7,32,0,0,0,2629,176,-578,1139,0,0,27,0,2592,174,572,1137,0,0,27,0,0,0,5,0,0,0,0,0,32,0,0,0,0,0,0,0,4557,-10,-8,2523,41,903,-794,-192,-50,-3,0,3465,468,-525,-4,-47,-22,126,-1817,123,-1808,0,-6,0,0,7442,596,-1622,3247,0,0,-93,-7,12943,-40,-23,-7096,161,-2613,-2334,-565,-201,-22,-9,9842,1410,-1473,-28,-177,-70,402,-5175,50,-830,55357
3514908,Elias Fausto,5964,0,-9,5964,17669,-3,18,5874,35,37,4,0,0,5065,748,-68,56,0,0,0,-6,4999,731,68,56,0,0,0,0,23,12,0,0,0,0,0,0,31,0,0,0,0,0,0,-6,5946,-11,0,5026,10,472,-429,0,0,0,0,404,5473,-63,-4,0,0,124,-757,105,-753,12,0,6,0,14999,2269,-203,173,0,0,0,-18,17620,-44,-3,-14885,44,-1375,-1344,-6,0,0,0,1158,16246,-230,-22,0,0,406,-2254,68,-296,95126
3514924,Elisiário,1184,0,0,1184,3138,0,0,1184,0,0,0,0,0,1105,72,-7,0,0,0,0,0,1105,72,7,0,0,0,0,0,0,0,0,0,0,0,0,0,0,0,0,0,0,0,0,0,1179,-5,0,1104,4,18,-52,0,0,0,0,1171,6,-5,0,0,0,4,-75,4,-75,0,0,0,0,2924,196,-18,0,0,0,0,0,3125,-13,0,-2919,17,-48,-147,0,0,0,0,3107,17,-10,0,0,-4,5,-209,0,-25,18320
3514957,Embaúba,896,0,0,896,2323,0,0,896,0,0,0,0,0,785,98,-3,4,0,0,0,0,785,98,3,4,0,0,0,0,0,0,0,0,0,0,0,0,0,0,0,0,0,0,0,0,894,0,0,792,4,25,-69,0,0,0,0,827,3,-43,0,0,-18,6,-98,6,-98,0,0,0,0,2030,273,-7,12,0,0,0,0,2320,0,0,-2052,6,-75,-185,0,0,0,0,2145,9,-117,-3,-3,-43,29,-263,0,-25,13067
3515004,Embu das Artes,87972,-63,-252,87972,250101,-203,288,81628,652,5205,317,0,-6,86556,319,-412,19,22,0,25,-358,80236,315,402,19,22,0,25,-354,637,3,9,0,0,0,0,0,5203,0,0,0,0,0,0,0,87079,-556,-205,68682,1089,4669,-4546,-520,-7588,-255,-7,78134,8879,-68,0,-101,-598,222,-963,221,-945,0,-13,0,0,246119,1238,-1367,83,104,0,-114,-974,247968,-1510,-554,-194204,3576,-14003,-13125,-1610,-22376,-933,-27,221908,26027,-258,-3,-347,-1464,878,-3027,77,-400,1410591
3515103,Embu-Guaçu,23377,0,-251,23377,66577,-19,316,21817,641,778,93,0,0,18448,3725,-798,83,36,0,0,-72,17340,3290,784,83,36,0,0,-70,203,422,10,0,0,0,0,0,778,0,0,0,0,0,0,0,23198,-34,-71,10125,480,6008,-5822,-123,-529,-23,0,21655,1422,-139,0,0,-33,910,-3889,608,-3741,299,-134,0,0,52643,10675,-2412,285,138,7,-21,-313,66059,-178,-298,-28442,1499,-17262,-16890,-395,-1806,-176,-4,61856,4036,-439,-11,-14,-165,2884,-11012,264,-1514,350165
3515129,Emilianópolis,1177,0,0,1177,3012,0,0,1177,0,0,0,0,0,1039,115,-9,0,0,0,0,0,1039,115,9,0,0,0,0,0,0,0,0,0,0,0,0,0,0,0,0,0,0,0,0,0,1176,0,0,1032,0,60,-74,0,0,0,0,1105,23,-43,0,0,0,44,-85,44,-85,0,0,0,0,2666,306,-26,4,0,0,-4,0,3011,0,0,-2659,0,-156,-188,-3,0,0,0,2826,69,-111,-5,0,0,121,-219,4,-13,17671
3515152,Engenheiro Coelho,6884,0,-88,6884,19438,0,125,5567,594,694,6,0,0,5060,1577,-184,17,0,0,0,-3,4504,832,179,16,0,0,0,0,104,484,0,0,0,0,0,0,424,258,0,0,0,0,0,0,6868,0,0,4927,78,1487,-345,0,0,0,0,6193,522,-142,0,0,-3,218,-1573,145,-893,61,-424,7,-255,14608,4194,-558,45,0,0,0,-12,19399,-20,-9,-14237,272,-3950,-949,-3,-3,-4,0,17454,1570,-388,-3,0,-12,652,-4163,59,-479,103706
3515186,Espírito Santo do Pinhal,14372,0,-174,14372,39599,-3,195,13749,49,559,5,0,0,13118,592,-90,546,0,0,0,-3,12496,591,90,546,0,0,0,-3,49,0,0,0,0,0,0,0,559,0,0,0,0,0,0,0,14357,0,-3,13078,56,461,-677,-7,-11,-29,0,13671,392,-253,-14,-3,-20,403,-828,403,-827,0,0,0,0,35872,1814,-263,1613,5,7,-5,-9,39560,-13,-19,-35772,213,-1368,-2061,-31,-51,-81,0,37570,1163,-727,-40,-5,-87,1284,-2432,164,-259,227405
3515194,Espírito Santo do Turvo,1482,0,0,1482,4155,0,0,1478,0,0,0,0,0,1277,188,0,15,0,0,0,0,1273,188,0,15,0,0,0,0,0,0,0,0,0,0,0,0,0,0,0,0,0,0,0,0,1482,0,0,1281,0,31,-169,0,0,0,0,1379,14,-87,0,0,0,99,-105,99,-105,0,0,0,0,3578,534,-3,40,0,0,0,0,4155,0,0,-3584,0,-88,-481,0,0,0,0,3870,44,-238,0,0,-3,272,-305,28,-36,23255
3515202,Estrela d'Oeste,3464,-6,-56,3464,9292,-35,88,3444,0,17,0,0,0,2964,472,-11,0,0,0,0,0,2944,472,11,0,0,0,0,0,0,0,0,0,0,0,0,0,17,0,0,0,0,0,0,0,3459,0,0,2901,6,341,-191,-3,-4,0,0,2974,213,-230,-12,-3,-20,13,-473,13,-473,0,0,0,0,7876,1352,-47,4,0,0,-5,0,9280,-9,0,-7680,52,-972,-557,-13,-16,0,0,7934,562,-668,-50,-16,-61,68,-1344,3,-134,50611
3515301,Estrela do Norte,971,0,0,971,2703,0,0,971,0,0,0,0,0,783,147,-19,18,0,0,0,0,783,147,19,18,0,0,0,0,0,0,0,0,0,0,0,0,0,0,0,0,0,0,0,0,967,-4,0,783,7,28,-144,0,0,0,0,783,5,-157,-6,0,-9,4,-182,4,-182,0,0,0,0,2228,374,-47,52,0,0,0,0,2696,-7,0,-2225,21,-73,-373,-9,0,0,0,2233,19,-396,-28,0,-27,8,-465,0,-39,13351
3515350,Euclides da Cunha Paulista,3022,0,0,3022,7919,0,5,3021,0,0,0,0,0,2111,801,-92,3,0,0,0,0,2111,800,92,3,0,0,0,0,0,0,0,0,0,0,0,0,0,0,0,0,0,0,0,0,3011,0,0,1877,4,53,-1062,0,0,0,0,2130,85,-642,-121,-5,-18,61,-844,61,-843,0,0,0,0,5353,2275,-267,12,0,0,0,-3,7905,-3,0,-4776,8,-182,-2923,-4,0,0,0,5403,260,-1828,-341,-20,-54,194,-2370,23,-242,34985
3515400,Fartura,6214,0,-15,6214,16570,-6,15,6181,14,14,0,0,0,5091,272,-72,695,0,0,49,0,5059,272,72,694,0,0,49,0,14,0,0,0,0,0,0,0,14,0,0,0,0,0,0,0,6203,-3,0,5006,18,416,-718,-11,0,0,0,5286,600,-240,-17,-36,-4,16,-1084,16,-1083,0,0,0,0,13492,801,-207,1946,0,0,-108,0,16547,-15,-3,-13259,75,-1173,-1968,-56,-8,-6,0,14059,1657,-650,-44,-116,-26,61,-3005,0,-339,89430
3515509,Fernandópolis,27621,0,-168,27621,71005,-4,170,26309,215,1037,24,0,0,26689,796,-58,3,0,0,0,-3,25394,784,56,0,0,0,0,-3,201,10,0,0,0,0,0,0,1037,0,0,0,0,0,0,0,27598,0,0,26676,40,348,-509,0,0,0,0,26826,198,-385,-3,0,-150,45,-813,37,-806,6,-7,0,0,68560,2213,-155,20,0,3,0,-10,70956,-26,-6,-68558,150,-909,-1346,-3,0,-8,0,68958,553,-1009,-28,-9,-407,241,-2170,15,-191,424671
3515608,Fernando Prestes,2237,0,-4,2237,5936,0,4,2234,0,0,0,0,0,2028,192,0,0,0,0,0,0,2025,192,0,0,0,0,0,0,0,0,0,0,0,0,0,0,0,0,0,0,0,0,0,0,2237,0,0,2034,0,8,-180,0,0,0,0,2076,3,-113,0,-24,-12,0,-197,0,-197,0,0,0,0,5320,586,-15,6,0,0,0,0,5936,0,0,-5332,3,-27,-551,-10,0,0,0,5451,6,-368,-6,-63,-33,12,-602,0,-54,32975
3515657,Fernão,613,0,0,613,1655,0,0,613,0,0,0,0,0,370,209,-8,21,0,0,0,0,370,209,8,21,0,0,0,0,0,0,0,0,0,0,0,0,0,0,0,0,0,0,0,0,612,0,0,367,3,113,-127,0,0,0,0,591,0,-19,-3,0,0,4,-234,4,-234,0,0,0,0,1007,569,-20,54,0,0,0,-4,1654,0,0,-997,9,-306,-343,0,0,0,0,1590,0,-59,-6,0,0,20,-628,3,-71,8243
3515707,Ferraz de Vasconcelos,61296,-158,-373,61296,178282,-504,382,52705,780,7423,279,0,0,60167,282,-69,30,0,0,0,-620,51588,278,69,30,0,0,0,-616,780,0,0,0,0,0,0,0,7419,0,0,0,0,0,0,0,60931,-60,-188,53656,916,1758,-1234,-285,-2784,-227,0,57162,3728,-59,-7,-72,-119,364,-650,357,-648,0,0,0,0,174867,913,-243,116,7,8,-19,-2050,177226,-329,-652,-154917,2892,-5608,-3991,-985,-8852,-849,-21,165931,11286,-243,-29,-287,-444,1257,-2105,186,-354,1005996
3515806,Flora Rica,610,0,0,610,1487,0,0,610,0,0,0,0,0,523,84,0,0,0,0,0,0,523,84,0,0,0,0,0,0,0,0,0,0,0,0,0,0,0,0,0,0,0,0,0,0,605,-3,0,520,3,55,-30,0,0,0,0,528,0,-60,-12,0,-4,4,-82,4,-82,0,0,0,0,1251,231,0,0,0,0,0,0,1479,-8,0,-1241,13,-154,-75,-3,0,0,0,1260,0,-178,-30,0,-15,12,-222,0,-22,8275
3515905,Floreal,1120,0,0,1120,2718,0,0,1120,0,0,0,0,0,965,151,0,0,0,0,0,0,965,151,0,0,0,0,0,0,0,0,0,0,0,0,0,0,0,0,0,0,0,0,0,0,1120,0,0,963,9,141,0,0,0,0,0,992,55,-60,0,0,-8,3,-148,3,-148,0,0,0,0,2310,407,0,0,0,0,0,0,2718,0,0,-2307,27,-373,-8,0,0,0,0,2389,147,-157,-7,0,-18,19,-388,0,-44,15947
3516002,Flórida Paulista,4313,0,-51,4313,11557,-5,51,4310,0,0,0,0,0,3956,320,-20,0,0,0,0,0,3953,320,20,0,0,0,0,0,0,0,0,0,0,0,0,0,0,0,0,0,0,0,0,0,4307,0,0,3944,51,147,-148,0,0,-9,0,3983,76,-178,-14,0,-38,46,-301,46,-301,0,0,0,0,10586,895,-57,11,0,0,0,-4,11543,-5,-4,-10544,138,-417,-416,0,-3,-26,0,10677,207,-490,-63,0,-112,131,-834,11,-82,65790
3516101,Florínea,1052,0,0,1052,2760,0,0,1022,26,0,0,0,0,927,106,-3,6,0,0,0,0,927,77,3,6,0,0,0,0,0,23,0,0,0,0,0,0,0,0,0,0,0,0,0,0,1050,0,0,916,0,20,-101,0,0,0,0,991,8,-32,0,0,-12,4,-117,4,-89,0,-24,0,0,2447,274,-10,22,0,0,0,0,2752,-8,0,-2420,3,-63,-263,0,0,0,0,2606,36,-90,-3,0,-23,9,-301,0,-17,15553
3516200,Franca,127909,-8,-551,127909,350906,-72,575,103930,1932,21840,25,0,0,125806,1017,-465,463,0,0,5,-28,102226,743,400,418,0,0,5,-28,1545,265,64,44,0,0,0,0,21828,6,0,0,0,0,0,0,127839,-3,-3,125175,27,1561,-916,-14,-24,-28,0,123763,3600,-363,-13,0,-32,315,-1691,301,-1310,4,-377,6,0,344638,3154,-1464,1394,3,13,-35,-144,350710,-129,-31,-342777,163,-4857,-2731,-43,-131,-123,0,339632,9851,-1158,-54,-8,-140,1076,-5135,108,-658,2057650
3516309,Francisco Morato,57668,-7,-58,57668,164967,-73,81,55393,206,1981,6,0,-15,56490,463,-253,63,0,0,0,-112,54249,436,253,63,0,0,0,-109,178,26,0,0,0,0,0,0,1979,0,0,0,0,0,0,0,57307,-96,-120,38362,1047,5821,-4199,-774,-6724,-150,-3,53964,2890,-279,0,-40,-290,311,-632,298,-617,13,-14,0,0,161299,1787,-925,272,18,0,-37,-526,163924,-479,-496,-106610,3186,-17973,-12868,-2605,-20884,-633,-19,153834,8966,-910,-23,-207,-932,1332,-2265,203,-333,923714
3516408,Franco da Rocha,49307,-3,-1709,49307,140117,-68,1733,45135,305,3397,54,0,-298,48405,476,-119,90,22,0,0,-56,44255,463,114,90,22,0,0,-56,287,12,3,0,0,0,0,0,3396,0,0,0,0,0,0,0,49019,-128,-87,38234,547,2665,-3240,-299,-3842,-99,0,47097,1799,-101,-3,-127,-59,175,-633,168,-620,3,-10,0,0,137665,1320,-397,302,77,16,-21,-263,139265,-499,-318,-107587,1800,-7599,-9939,-1036,-11634,-393,0,133820,5244,-325,-24,-423,-222,480,-1927,50,-251,792321
3516507,Gabriel Monteiro,1071,0,0,1071,2763,0,0,1071,0,0,0,0,0,948,117,0,0,0,0,0,0,948,117,0,0,0,0,0,0,0,0,0,0,0,0,0,0,0,0,0,0,0,0,0,0,1071,0,0,950,0,88,-29,0,0,0,0,1004,15,-42,0,0,0,0,-119,0,-119,0,0,0,0,2464,293,-3,3,0,0,0,0,2763,0,0,-2470,0,-206,-81,0,0,-4,0,2599,38,-110,-8,0,0,8,-291,0,-16,15904
3516606,Gália,2441,-6,-17,2441,6350,-12,17,2439,0,0,0,0,0,1971,335,-24,101,0,0,0,0,1970,334,24,101,0,0,0,0,0,0,0,0,0,0,0,0,0,0,0,0,0,0,0,0,2440,0,0,1957,84,203,-176,0,-3,0,0,2096,178,-155,0,0,-3,25,-441,25,-440,0,0,0,0,5053,940,-65,282,3,0,-4,0,6348,0,0,-5020,244,-567,-492,0,-15,-3,0,5385,498,-440,-9,0,-12,87,-1208,20,-137,35143
3516705,Garça,15523,0,-149,15523,41937,-3,165,15404,5,90,0,0,0,14850,457,-45,155,0,0,0,0,14732,456,45,155,0,0,0,0,5,0,0,0,0,0,0,0,90,0,0,0,0,0,0,0,15512,-5,0,14812,155,362,-158,0,0,0,0,15100,102,-290,-8,0,0,150,-507,150,-506,0,0,0,0,39999,1308,-125,471,0,0,-14,-8,41911,-24,0,-39917,464,-1050,-458,-23,0,-12,0,40728,288,-851,-42,0,-18,449,-1476,56,-170,245750
3516804,Gastão Vidigal,1244,0,-6,1244,3242,0,6,1243,0,0,0,0,0,1121,109,-6,0,0,0,0,0,1120,109,6,0,0,0,0,0,0,0,0,0,0,0,0,0,0,0,0,0,0,0,0,0,1242,0,0,1125,0,28,-85,0,0,0,0,1169,45,-27,0,0,0,6,-111,6,-111,0,0,0,0,2910,304,-22,0,0,0,0,0,3239,0,0,-2911,9,-78,-242,0,0,0,0,3038,117,-78,-7,0,0,22,-306,0,-41,18673
3516853,Gavião Peixoto,1640,0,0,1640,4700,0,0,1623,7,8,0,0,0,1559,59,0,18,0,0,0,0,1542,59,0,18,0,0,0,0,7,0,0,0,0,0,0,0,8,0,0,0,0,0,0,0,1640,0,0,1552,0,83,0,0,0,0,0,1580,26,-30,0,0,0,0,-78,0,-78,0,0,0,0,4462,175,0,57,0,0,0,0,4700,0,0,-4439,11,-247,0,0,0,0,0,4518,74,-96,-9,0,0,0,-234,0,-28,26527
3516903,General Salgado,4017,0,-47,4017,10259,0,47,3997,0,17,0,0,0,3650,334,-10,3,0,0,0,0,3630,334,10,3,0,0,0,0,0,0,0,0,0,0,0,0,17,0,0,0,0,0,0,0,4010,0,0,3599,0,286,-115,0,0,0,0,3701,135,-163,-4,-3,0,17,-331,17,-331,0,0,0,0,9282,932,-27,10,0,0,0,0,10246,-4,0,-9174,17,-789,-268,0,0,0,0,9418,354,-447,-25,-9,-6,86,-882,3,-91,59722
3517000,Getulina,3404,0,-21,3404,8954,0,21,3402,0,0,0,0,0,3008,354,-34,0,0,0,0,0,3006,354,34,0,0,0,0,0,0,0,0,0,0,0,0,0,0,0,0,0,0,0,0,0,3403,0,0,2974,21,191,-201,0,-3,0,0,3040,148,-166,-38,0,0,253,-138,253,-138,0,0,0,0,7878,969,-94,7,0,0,0,0,8952,0,0,-7778,64,-527,-563,-4,-8,0,0,7964,403,-448,-123,-6,-6,692,-382,73,-32,52516
3517109,Glicério,1552,0,-14,1552,4124,0,14,1431,115,0,0,0,0,1257,253,-40,0,0,0,0,0,1169,220,40,0,0,0,0,0,82,33,0,0,0,0,0,0,0,0,0,0,0,0,0,0,1551,0,0,1179,31,114,-221,0,0,0,0,1465,8,-76,0,0,0,9,-278,6,-250,3,-28,0,0,3338,683,-103,0,0,0,0,0,4122,0,0,-3173,98,-252,-598,0,0,0,0,3883,26,-213,0,0,0,31,-751,0,-72,22320
3517208,Guaiçara,3987,0,0,3987,11211,0,0,3955,28,0,0,0,0,3659,287,-26,4,0,0,0,0,3657,257,26,4,0,0,0,0,0,28,0,0,0,0,0,0,0,0,0,0,0,0,0,0,3920,-67,0,3642,7,233,-89,0,0,0,0,3762,145,-58,0,0,-6,11,-306,11,-276,0,-28,0,0,10349,751,-82,21,0,0,0,0,11030,-181,0,-10308,21,-615,-252,0,0,0,0,10592,424,-161,-4,-3,-19,40,-814,0,-77,62677
3517307,Guaimbê,2053,0,-3,2053,5485,0,3,2050,0,0,0,0,0,1840,164,-34,11,0,0,0,0,1838,163,34,11,0,0,0,0,0,0,0,0,0,0,0,0,0,0,0,0,0,0,0,0,2049,0,-4,1839,5,100,-105,0,0,-3,0,1889,51,-93,0,0,-12,0,-210,0,-209,0,0,0,0,4892,474,-92,21,0,0,0,-4,5479,0,-6,-4886,13,-266,-314,0,0,-5,0,5026,144,-256,-12,-6,-41,3,-590,0,-79,30460
3517406,Guaíra,14707,0,-64,14707,39197,-6,75,14641,17,29,0,0,0,14272,262,-128,8,0,0,0,0,14206,262,128,8,0,0,0,0,17,0,0,0,0,0,0,0,29,0,0,0,0,0,0,0,14677,-22,0,14280,79,64,-238,0,-4,-3,0,14309,67,-277,-11,0,-3,68,-341,68,-341,0,0,0,0,38025,775,-338,32,0,0,0,-3,39120,-70,0,-38061,241,-177,-656,-7,-19,-13,0,38130,195,-778,-46,-3,-16,214,-938,20,-94,230272
3517505,Guapiaçu,7735,0,-35,7735,21657,0,50,7615,38,75,0,0,0,7177,517,-15,6,0,0,0,0,7057,517,15,6,0,0,0,0,38,0,0,0,0,0,0,0,75,0,0,0,0,0,0,0,7730,0,0,6770,16,708,-218,0,0,0,0,7415,39,-204,0,0,-50,63,-479,63,-479,0,0,0,0,20086,1482,-54,22,0,0,0,-6,21643,-11,-3,-18931,62,-1995,-640,-4,0,-3,0,20719,128,-626,-23,0,-150,164,-1400,3,-139,121961
3517604,Guapiara,6156,0,-7,6156,17056,-6,7,6145,3,0,0,0,0,3715,326,-449,1598,0,0,28,0,3705,326,449,1597,0,0,28,0,3,0,0,0,0,0,0,0,0,0,0,0,0,0,0,0,6122,-4,0,2231,72,293,-3244,-7,-165,-49,0,5041,485,-568,-14,0,-3,141,-2271,141,-2270,0,0,0,0,10245,910,-1295,4469,0,0,-99,-16,16971,-43,-24,-6159,251,-858,-9073,-46,-498,-138,-4,14038,1367,-1517,-62,-4,-46,431,-6368,42,-793,74448
3517703,Guará,6681,0,-37,6681,18561,-7,37,6645,12,22,0,0,0,5959,325,-340,28,0,0,0,0,5933,322,333,28,0,0,0,0,12,0,0,0,0,0,0,0,12,3,-7,0,0,0,0,0,6647,0,-16,6460,10,21,-147,0,0,-15,0,6421,95,-102,0,0,-45,280,-421,280,-411,0,0,0,-10,16544,940,-985,72,0,0,0,-12,18481,-22,-43,-18007,24,-64,-388,0,-9,-48,0,17907,253,-269,0,0,-120,860,-1152,90,-123,104179
3517802,Guaraçaí,2941,0,-9,2941,7418,0,23,2939,0,0,0,0,0,2458,440,-16,4,0,0,0,-3,2456,440,16,4,0,0,0,-3,0,0,0,0,0,0,0,0,0,0,0,0,0,0,0,0,2934,-3,0,2416,21,179,-302,0,0,0,0,2462,64,-366,-19,0,-12,91,-384,91,-384,0,0,0,0,6161,1158,-61,21,0,0,0,-4,7404,-10,0,-6057,61,-465,-812,-6,0,-4,0,6186,193,-940,-53,0,-37,264,-988,27,-65,40810
3517901,Guaraci,3915,0,-15,3915,10313,0,37,3872,23,9,6,0,0,3389,414,-67,21,0,0,0,0,3358,403,67,21,0,0,0,0,13,9,0,0,0,0,0,0,9,0,0,0,0,0,0,0,3887,-15,-7,3439,14,211,-223,0,-10,0,0,3610,143,-139,-6,-4,-6,210,-293,207,-285,3,-6,0,0,8949,1092,-181,72,7,0,0,-3,10241,-43,-23,-9078,55,-547,-598,0,-28,0,0,9508,373,-380,-16,-8,-20,552,-805,25,-87,59499
3518008,Guarani d'Oeste,808,0,0,808,1968,0,0,808,0,0,0,0,0,697,85,-3,8,0,0,0,0,697,85,3,8,0,0,0,0,0,0,0,0,0,0,0,0,0,0,0,0,0,0,0,0,808,0,0,702,0,34,-68,0,0,0,0,715,55,-35,0,0,0,4,-97,4,-97,0,0,0,0,1709,223,-12,21,0,0,0,0,1968,0,0,-1716,0,-79,-169,0,0,0,0,1747,133,-82,0,0,-3,31,-225,0,-21,11522
3518107,Guarantã,2295,0,-17,2295,6403,0,17,2294,0,0,0,0,0,1884,382,-4,16,0,0,0,0,1883,382,4,16,0,0,0,0,0,0,0,0,0,0,0,0,0,0,0,0,0,0,0,0,2286,-3,0,1869,0,76,-335,0,-4,0,0,1897,116,-256,-18,0,0,0,-406,0,-406,0,0,0,0,5244,1105,-16,36,0,0,0,0,6386,-14,0,-5207,0,-216,-965,0,-8,-4,0,5278,320,-743,-58,0,0,0,-1156,0,-157,32491
3518206,Guararapes,11649,0,-18,11649,30985,0,18,11445,133,36,18,0,-7,11068,423,-113,7,3,0,0,0,10866,422,112,7,3,0,0,0,132,0,0,0,0,0,0,0,36,0,0,0,0,0,0,0,11642,0,0,11064,49,219,-270,0,0,-4,0,11090,187,-229,-12,-17,-68,36,-523,35,-522,0,0,0,0,29347,1236,-335,35,14,0,0,0,30976,0,-3,-29325,180,-655,-790,-3,-4,-9,0,29445,520,-684,-50,-54,-212,138,-1490,4,-154,179678
3518305,Guararema,11086,0,-47,11086,31184,-3,47,9956,527,577,0,0,0,8043,1766,-853,204,4,0,0,-120,7202,1621,836,194,0,0,0,-9,349,131,10,7,3,0,0,-10,476,0,0,0,0,0,0,-100,10895,-4,-152,6525,212,2797,-1185,-48,-188,0,0,8983,1904,-123,-3,0,-19,330,-2649,202,-2488,20,-145,100,0,22674,4989,-2496,581,19,12,-3,-373,30677,-43,-439,-18359,693,-7857,-3346,-192,-630,-46,0,25422,5246,-372,-17,-4,-91,1038,-7451,102,-912,157953
3518404,Guaratinguetá,41900,-62,-643,41900,117110,-224,666,36701,1034,4066,6,0,-9,40156,510,-467,627,0,0,28,-7,34968,510,466,622,0,0,28,-7,1027,0,0,3,0,0,0,0,4065,0,0,0,0,0,0,0,41826,-3,-26,37368,26,763,-2120,-120,-1276,-20,0,39923,1684,-194,0,-8,-12,164,-1509,162,-1502,0,-4,0,0,112279,1508,-1400,1696,9,10,-106,-50,116904,-91,-89,-104270,139,-2258,-6058,-454,-3729,-119,0,112011,4467,-526,-8,-24,-52,560,-4229,49,-496,665769
3518503,Guareí,4513,0,-1221,4513,12263,0,1221,4507,5,0,0,0,0,3826,332,-178,120,6,0,5,-3,3821,331,178,120,6,0,5,-3,5,0,0,0,0,0,0,0,0,0,0,0,0,0,0,0,4477,-6,-8,2594,53,626,-1183,-3,-10,0,0,4035,205,-203,-4,0,-29,96,-572,96,-571,0,0,0,0,10445,936,-466,330,21,0,-29,-13,12174,-43,-30,-7134,168,-1670,-3208,-16,-31,-13,0,11017,552,-574,-26,0,-75,278,-1538,22,-188,64854
3518602,Guariba,12897,0,-29,12897,36703,-3,29,12767,39,0,66,0,0,12284,502,-39,30,0,0,0,0,12186,475,34,30,0,0,0,0,30,8,0,0,0,0,0,0,0,0,0,0,0,0,0,0,12871,-15,0,12670,17,84,-106,0,-7,0,0,12811,31,-30,0,0,-14,238,-315,230,-290,0,-8,0,0,34926,1517,-120,117,0,0,0,0,36644,-39,-11,-36041,54,-262,-310,0,-20,-4,0,36463,101,-79,-5,0,-48,784,-978,42,-107,211697
3518701,Guarujá,99365,-93,-171,99365,287037,-292,211,82080,1584,14727,343,0,-323,93640,505,-55,2846,0,-9,14,-2070,76702,492,55,2816,0,-8,14,-1777,1565,0,0,5,0,0,0,-11,14701,6,0,0,0,0,0,-3,96025,-2063,-1088,82145,2704,3828,-607,-3990,-4612,-895,-6,80308,18695,-26,0,-88,-45,867,-4707,839,-4389,0,-16,0,-10,269464,1588,-205,8924,3,62,-81,-6590,276968,-6583,-3424,-235079,8392,-11863,-2069,-12152,-14263,-2931,-29,229805,56500,-100,-22,-335,-159,2865,-14610,429,-2667,1577968
3518800,Guarulhos,450509,-263,-1450,450509,1283895,-865,1507,338155,5172,102871,3309,0,-102,445019,1407,-594,265,111,-4,83,-2016,333425,1366,574,261,108,-4,76,-1401,5130,0,9,0,3,0,0,-7,102784,16,0,0,0,0,0,-11,448347,-1092,-502,411089,2961,4735,-2393,-1824,-24776,-826,-3,424797,22169,-292,0,-1004,-1523,1974,-2606,1569,-2322,17,-9,18,-8,1267398,5302,-2317,915,423,85,-431,-6572,1277659,-4149,-1790,-1163527,10124,-15757,-8322,-6124,-76116,-3033,-74,1211612,62972,-1017,-33,-3210,-4671,7318,-8828,997,-1343,7335834
3518859,Guatapará,2533,-19,-4,2533,7275,-40,4,2530,0,0,0,0,0,2298,168,-6,43,13,0,0,0,2295,168,6,43,13,0,0,0,0,0,0,0,0,0,0,0,0,0,0,0,0,0,0,0,2515,-8,-8,2164,202,117,-31,0,0,0,0,2338,8,-155,-4,0,-14,48,-179,48,-179,0,0,0,0,6601,491,-16,127,37,0,0,0,7224,-25,-26,-6181,621,-376,-85,0,-7,0,0,6708,21,-456,-21,-3,-62,151,-522,19,-53,40882
3518909,Guzolândia,1630,0,0,1630,4244,0,0,1628,0,0,0,0,0,1457,155,-14,0,0,0,0,0,1455,155,14,0,0,0,0,0,0,0,0,0,0,0,0,0,0,0,0,0,0,0,0,0,1629,0,0,1455,9,40,-118,0,0,0,0,1457,98,-69,-3,0,0,27,-142,27,-142,0,0,0,0,3759,439,-39,3,0,0,0,0,4243,0,0,-3752,38,-109,-342,0,0,0,0,3760,283,-196,-4,0,0,86,-395,9,-33,24372
3519006,Herculândia,3303,0,-10,3303,9100,-3,10,3301,0,0,0,0,0,2891,397,0,0,0,0,0,0,2891,395,0,0,0,0,0,0,0,0,0,0,0,0,0,0,0,0,0,0,0,0,0,0,3297,-3,0,2841,218,68,-160,0,0,0,0,3054,39,-169,-7,0,-8,375,-23,373,-23,0,0,0,0,7899,1178,-8,4,0,0,0,-4,9084,-10,-4,-7796,615,-206,-461,0,0,-3,0,8410,112,-486,-32,-14,-29,1100,-95,129,-7,54826
3519055,Holambra,5163,0,-34,5163,15052,0,42,4895,211,43,3,0,0,4046,790,-280,22,0,0,0,0,3909,691,247,21,0,0,0,0,88,88,30,0,0,0,0,0,43,0,0,0,0,0,0,0,5158,0,0,3957,42,896,-233,-9,-4,0,0,5008,120,-7,0,0,-11,166,-935,124,-845,41,-79,0,0,11718,2427,-804,89,0,6,0,0,15039,-11,0,-11416,124,-2702,-742,-36,-16,-3,0,14559,391,-37,-4,-6,-45,425,-2906,46,-425,79293
3519071,Hortolândia,80791,-16,-223,80791,232158,-65,323,64630,3180,12829,40,0,-6,79669,182,-59,0,0,0,0,-790,63614,80,59,0,0,0,0,-790,3174,4,0,0,0,0,0,0,12730,95,0,0,0,0,0,0,80250,-17,-467,77607,169,1485,-561,-53,-643,-19,0,75105,5610,-3,0,0,-3,376,-668,277,-665,4,0,95,0,228864,620,-211,15,0,6,0,-2383,230552,-157,-1418,-222785,754,-4547,-1651,-200,-2023,-89,-7,216745,15313,-19,0,-12,-44,1229,-2015,178,-371,1326623
3519105,Iacanga,3948,0,0,3948,10412,0,0,3928,9,4,0,0,0,3609,311,-13,0,0,0,0,0,3593,308,13,0,0,0,0,0,6,3,0,0,0,0,0,0,4,0,0,0,0,0,0,0,3947,0,0,3471,63,388,-9,0,0,0,0,3671,14,-239,0,0,-7,12,-310,12,-310,0,0,0,0,9553,799,-40,14,0,0,0,0,10411,0,0,-9209,183,-982,-26,0,-3,0,0,9705,40,-630,0,0,-26,52,-801,3,-74,59755
3519204,Iacri,2257,0,0,2257,6122,0,0,2256,0,0,0,0,0,1940,266,-46,0,0,0,0,0,1940,266,45,0,0,0,0,0,0,0,0,0,0,0,0,0,0,0,0,0,0,0,0,0,2252,0,0,1903,6,29,-311,0,0,0,0,2001,13,-218,-8,0,-3,38,-273,38,-272,0,0,0,0,5248,760,-107,4,0,0,0,0,6116,0,0,-5152,20,-85,-858,0,0,0,0,5432,46,-596,-19,0,-21,122,-748,10,-95,32575
3519253,Iaras,1791,-44,-2652,1791,5112,-135,2658,1788,0,0,0,0,0,1183,479,-68,25,0,0,7,-8,1180,479,68,25,0,0,7,-8,0,0,0,0,0,0,0,0,0,0,0,0,0,0,0,0,1764,-19,-3,1129,20,339,-290,0,0,0,0,1270,7,-458,-20,0,-28,8,-580,8,-580,0,0,0,0,3308,1463,-202,68,0,0,-30,-26,5049,-50,-7,-3159,59,-1090,-796,0,0,-4,0,3605,25,-1350,-58,0,-70,58,-1739,3,-263,21039
3519303,Ibaté,11089,0,0,11089,32166,0,0,11042,4,8,13,0,0,10914,107,-15,30,0,0,0,-4,10868,107,15,30,0,0,0,-3,4,0,0,0,0,0,0,0,8,0,0,0,0,0,0,0,11080,0,-3,10831,51,113,-71,0,0,0,0,10922,111,-23,0,0,-6,34,-121,34,-120,0,0,0,0,31605,372,-54,112,0,0,0,-12,32142,-14,-7,-31363,178,-363,-253,0,0,-3,0,31656,359,-96,0,0,-48,149,-403,6,-54,184213
3519402,Ibirá,4404,0,-19,4404,11671,0,19,4307,0,95,0,0,0,4092,270,0,6,0,0,0,0,3998,267,0,6,0,0,0,0,0,0,0,0,0,0,0,0,94,0,0,0,0,0,0,0,4398,0,0,4142,29,174,-31,0,0,0,0,4266,23,-75,0,0,-24,53,-233,53,-232,0,0,0,0,10861,743,-22,25,0,0,-5,0,11660,-4,0,-10968,101,-490,-90,0,-3,0,0,11295,65,-206,-20,0,-77,158,-640,9,-67,68482
3519501,Ibirarema,2403,0,-5,2403,6363,0,18,2344,57,0,0,0,0,2245,132,-7,9,0,0,0,0,2189,131,7,9,0,0,0,0,55,0,0,0,0,0,0,0,0,0,0,0,0,0,0,0,2401,0,0,2254,13,97,-29,0,0,0,0,2267,49,-71,0,0,-4,10,-136,10,-135,0,0,0,0,5943,360,-26,28,0,0,0,0,6359,-4,0,-5961,50,-261,-87,0,0,0,0,6018,139,-179,0,-4,-19,35,-375,0,-39,37056
3519600,Ibitinga,22203,0,-63,22203,59867,-17,68,21750,29,388,3,0,0,21446,511,-71,132,0,0,0,0,21016,489,71,132,0,0,0,0,4,22,0,0,0,0,0,0,387,0,0,0,0,0,0,0,22181,-5,0,21380,161,168,-390,0,-57,0,0,21460,525,-173,0,0,-4,177,-539,170,-524,7,-14,0,0,57887,1358,-217,374,0,0,0,-7,59812,-40,-4,-57683,427,-480,-1080,-12,-160,0,0,57983,1335,-507,-11,-5,-9,489,-1477,38,-150,352954
3519709,Ibiúna,26339,-3,-53,26339,75458,-21,79,25000,583,656,32,0,0,12789,3017,-9401,742,27,-4,19,-34,11846,2819,9238,724,24,-4,19,-34,230,172,123,11,3,0,0,0,649,4,-3,0,0,0,0,0,25528,-551,-104,6174,1391,7561,-10259,-130,-420,-20,0,19427,5146,-1461,-3,-12,-89,1389,-11979,1358,-11624,29,-299,0,-7,36910,8836,-26993,2141,112,42,-81,-189,73158,-1796,-416,-17352,4096,-22014,-29708,-542,-1407,-159,-14,56219,14543,-4185,-100,-47,-268,4203,-34264,435,-4534,275056
3519808,Icém,2592,-3,0,2592,6920,-5,0,2575,14,0,0,0,0,2335,204,-29,13,0,0,0,0,2327,195,29,13,0,0,0,0,6,8,0,0,0,0,0,0,0,0,0,0,0,0,0,0,2586,0,0,2435,0,25,-122,0,0,0,0,2486,42,-45,-3,0,-9,89,-155,89,-146,0,-8,0,0,6212,576,-80,40,0,0,0,0,6905,-4,-7,-6504,4,-87,-317,0,-3,0,0,6621,126,-124,-14,0,-30,263,-441,10,-52,40144
3519907,Iepê,2901,-5,-17,2901,7583,-12,20,2896,0,0,0,0,0,2587,245,-14,24,7,0,0,0,2580,245,14,24,7,0,0,0,0,0,0,0,0,0,0,0,0,0,0,0,0,0,0,0,2894,0,-6,2482,66,113,-217,0,0,0,0,2698,73,-102,-4,0,-12,188,-114,188,-114,0,0,0,0,6742,697,-45,74,15,0,-3,0,7570,0,-12,-6452,194,-313,-611,0,0,-6,0,7052,198,-269,-30,0,-29,513,-324,53,-37,45096
3520004,Igaraçu do Tietê,8187,0,-237,8187,22842,-4,237,8105,26,0,46,0,0,8076,42,0,45,10,0,0,0,8010,27,0,44,10,0,0,0,10,15,0,0,0,0,0,0,0,0,0,0,0,0,0,0,8142,-24,-15,7998,14,48,-115,0,0,0,0,8042,51,-64,0,0,-15,4,-100,0,-86,0,-14,0,0,22568,125,-6,112,20,0,0,0,22735,-69,-31,-22362,47,-104,-320,0,-3,0,0,22461,156,-166,0,0,-50,15,-253,0,-30,132389
3520103,Igarapava,9853,0,-12,9853,26153,-3,43,9733,11,92,0,0,-5,9420,197,-39,151,0,0,0,0,9305,192,39,151,0,0,0,0,11,0,0,0,0,0,0,0,92,0,0,0,0,0,0,0,9821,-9,-8,9401,215,92,-85,-3,-11,0,0,9517,187,-128,0,0,0,107,-299,107,-294,0,0,0,0,25022,589,-114,398,0,0,0,-10,26094,-25,-22,-24976,556,-256,-279,-14,-44,0,-3,25279,528,-332,-3,0,0,289,-832,20,-101,155611
3520202,Igaratá,3923,0,-26,3923,10571,0,26,3774,70,74,0,0,0,2577,395,-458,387,0,0,41,-3,2470,371,451,387,0,0,37,-3,27,24,6,0,0,0,3,0,74,0,0,0,0,0,0,0,3894,0,-14,1536,17,1041,-1191,-32,-63,0,0,3339,415,-108,-4,0,-26,61,-1255,60,-1216,0,-37,0,0,6953,1059,-1267,1095,5,0,-141,-22,10495,-6,-56,-4050,46,-2845,-3322,-116,-170,-8,0,9017,1138,-292,-21,-6,-80,191,-3423,16,-425,49303
3520301,Iguape,10815,0,-31,10815,28994,-8,34,10689,42,41,5,0,-14,8112,804,-423,1164,89,-16,12,-99,8009,801,423,1144,89,-16,12,-97,25,0,0,17,0,0,0,0,41,0,0,0,0,0,0,0,10613,-60,-92,6810,153,2024,-1507,-181,-4,-15,-15,9024,689,-994,-14,0,-10,110,-2549,108,-2528,0,-17,0,0,21771,2155,-1188,3165,253,65,-36,-315,28407,-278,-287,-18236,534,-5349,-4068,-570,-28,-70,-76,24267,1839,-2723,-50,-14,-62,410,-6796,62,-880,144920
3520400,Ilhabela,12692,0,-35,12692,34794,-8,61,11938,448,233,18,0,-7,10670,30,-5,1135,0,0,751,-7,10020,27,5,1072,0,0,721,-6,376,0,0,39,0,0,22,0,228,0,0,0,0,0,0,0,12526,-67,-71,7514,374,4128,-403,-12,-51,-62,0,9662,2884,-21,0,-4,-82,302,-1664,274,-1592,23,-37,0,-3,28942,124,-31,3406,0,3,-2197,-42,34280,-248,-256,-20210,1196,-11606,-1295,-63,-166,-183,-5,25978,8464,-64,-13,-10,-247,944,-4878,101,-676,192770
3520426,Ilha Comprida,5249,-3,-32,5249,13297,-12,73,5103,3,106,0,0,0,4901,248,-11,3,0,0,0,-43,4764,243,11,3,0,0,0,-41,3,0,0,0,0,0,0,0,106,0,0,0,0,0,0,0,5116,-56,-38,2403,50,2271,-461,-3,0,0,0,4576,648,-3,0,0,0,40,-270,36,-261,0,0,0,0,12374,727,-39,12,0,0,0,-123,12925,-204,-151,-6037,214,-5761,-1229,-18,0,-10,0,11599,1655,-17,0,-4,-6,149,-755,15,-108,78476
3520442,Ilha Solteira,9704,0,0,9704,25534,-3,0,9343,24,318,5,0,0,9179,271,-220,17,3,0,0,0,8818,271,220,17,3,0,0,0,24,0,0,0,0,0,0,0,318,0,0,0,0,0,0,0,9697,0,0,8419,80,151,-1037,0,0,0,0,9119,124,-389,-42,-4,-4,14,-504,14,-504,0,0,0,0,24032,775,-662,42,10,3,0,0,25520,-7,0,-21992,245,-416,-2866,-4,-5,0,0,23905,331,-1124,-137,-12,-13,49,-1447,6,-170,144747
3520509,Indaiatuba,90742,0,-389,90742,255128,-41,434,69310,6970,14134,183,0,-4,87442,1914,-1139,101,3,0,0,-14,66405,1685,991,98,3,0,0,-9,6610,212,136,0,0,0,0,0,14118,7,-5,0,0,0,0,0,90155,-350,-169,86722,356,2734,-744,0,-7,-14,0,82618,7928,-66,-10,0,-5,526,-2668,411,-2400,110,-244,0,-8,245395,5820,-3329,367,45,7,-8,-90,253507,-1074,-511,-243396,1058,-8127,-2331,-12,-28,-95,0,233968,20798,-226,-30,-13,-31,1661,-8017,149,-924,1465175
3520608,Indiana,1919,0,0,1919,5090,0,0,1918,0,0,0,0,0,1658,243,-10,4,0,0,0,0,1657,243,10,4,0,0,0,0,0,0,0,0,0,0,0,0,0,0,0,0,0,0,0,0,1917,0,0,1676,0,58,-176,0,0,0,0,1812,44,-59,0,0,0,40,-219,40,-219,0,0,0,0,4353,698,-21,17,0,0,0,0,5088,0,0,-4431,0,-168,-489,0,0,0,0,4797,123,-165,-4,0,0,123,-613,17,-75,28819
3520707,Indiaporã,1662,0,0,1662,4028,-3,0,1648,11,0,0,0,0,1365,239,-38,0,0,0,0,0,1363,227,38,0,0,0,0,0,0,11,0,0,0,0,0,0,0,0,0,0,0,0,0,0,1658,0,0,1317,8,118,-206,0,0,0,0,1419,166,-51,0,0,-14,14,-268,14,-256,0,-11,0,0,3248,649,-104,7,6,3,0,0,4023,0,0,-3136,30,-321,-535,0,0,0,0,3405,427,-156,-3,0,-34,48,-727,0,-65,22886
3520806,Inúbia Paulista,1312,0,-9,1312,3589,0,9,1311,0,0,0,0,0,1213,98,0,0,0,0,0,0,1212,98,0,0,0,0,0,0,0,0,0,0,0,0,0,0,0,0,0,0,0,0,0,0,1312,0,0,1213,11,53,-28,-3,0,0,0,1253,44,-8,0,0,0,98,0,98,0,0,0,0,0,3303,284,0,0,0,0,0,0,3589,0,0,-3306,43,-159,-73,-8,0,0,0,3433,113,-35,-6,0,0,284,0,34,0,21684
3520905,Ipaussu,4877,0,-4,4877,13683,0,4,4863,0,12,0,0,0,4498,296,0,62,0,0,4,0,4484,296,0,62,0,0,4,0,0,0,0,0,0,0,0,0,12,0,0,0,0,0,0,0,4873,0,0,4659,14,111,-51,0,-4,0,0,4743,52,-54,0,0,-11,256,-111,256,-111,0,0,0,0,12609,870,0,188,0,0,-6,-6,13675,-6,0,-13091,61,-318,-162,-5,-23,-7,0,13310,155,-169,0,-10,-31,746,-322,76,-40,80146
3521002,Iperó,11765,-29,-15,11765,33604,-94,15,11321,102,309,23,0,0,10144,876,-501,89,61,0,0,-30,9719,862,501,89,61,0,0,-28,99,0,0,0,0,0,0,0,309,0,0,0,0,0,0,0,11377,-18,-339,7814,69,1817,-1975,0,-4,-9,0,5632,6007,-80,0,-4,-6,146,-1428,143,-1409,0,-3,0,0,28914,2537,-1526,280,222,10,-5,-78,32477,-98,-1012,-22082,223,-5299,-5868,-20,-20,-46,0,16302,16970,-287,0,-12,-12,467,-4211,48,-634,175987
3521101,Ipeúna,2392,0,0,2392,6830,0,0,2370,0,21,0,0,0,2206,73,-39,66,0,0,0,0,2184,73,39,66,0,0,0,0,0,0,0,0,0,0,0,0,21,0,0,0,0,0,0,0,2387,0,0,1986,26,230,-124,-12,0,0,0,2235,106,-42,0,0,-3,24,-158,24,-158,0,0,0,0,6293,234,-111,184,0,0,0,0,6822,-4,0,-5716,78,-637,-352,-39,0,0,0,6375,292,-146,-4,0,-7,75,-460,7,-52,38047
3521150,Ipiguá,2445,0,0,2445,6761,0,0,2379,60,0,0,0,0,1608,802,-13,0,0,0,0,-4,1585,757,13,0,0,0,0,-4,16,43,0,0,0,0,0,0,0,0,0,0,0,0,0,0,2442,0,0,1572,84,426,-351,0,0,0,0,2200,125,-106,0,0,-4,198,-632,182,-601,14,-29,0,0,4428,2246,-58,8,0,0,0,-13,6753,-5,0,-4327,256,-1204,-962,0,0,0,0,6078,357,-300,-9,0,-9,566,-1764,62,-222,36294
3521200,Iporanga,1441,0,0,1441,3986,-7,0,1439,0,0,0,0,0,830,0,0,575,0,0,28,0,829,0,0,574,0,0,28,0,0,0,0,0,0,0,0,0,0,0,0,0,0,0,0,0,1429,-4,0,794,23,135,-427,0,-19,0,-9,1131,33,-250,0,0,-4,120,-487,120,-486,0,0,0,0,2285,4,0,1604,0,0,-84,0,3966,-10,-4,-2177,83,-384,-1235,-17,-58,0,-19,3142,93,-712,0,-7,-17,349,-1349,45,-184,18577
3521309,Ipuã,5337,-3,0,5337,14440,-7,0,5308,0,16,9,0,0,5209,95,-8,15,0,0,0,0,5180,95,8,15,0,0,0,0,0,0,0,0,0,0,0,0,16,0,0,0,0,0,0,0,5333,0,0,5197,27,69,-26,0,0,0,0,5143,97,-60,-6,-16,0,10,-112,10,-112,0,0,0,0,14095,269,-32,38,0,0,0,-4,14429,-5,-6,-14060,86,-198,-83,0,0,0,0,13931,274,-155,-23,-44,-9,45,-299,3,-35,84833
3521408,Iracemápolis,7539,0,-23,7539,21933,0,23,7210,229,91,0,0,0,7505,7,-4,7,0,0,0,0,7177,7,4,7,0,0,0,0,228,0,0,0,0,0,0,0,91,0,0,0,0,0,0,0,7534,0,0,7487,17,4,-14,0,0,0,0,7405,111,-8,0,0,-4,5,-22,5,-22,0,0,0,0,21817,29,-24,46,0,4,-4,-4,21921,-7,-3,-21766,72,-26,-54,-4,0,-4,0,21563,314,-32,0,0,-16,44,-68,0,-9,125857
3521507,Irapuã,2457,0,-19,2457,6834,0,19,2456,0,0,0,0,0,2240,172,-37,0,0,0,0,0,2239,172,37,0,0,0,0,0,0,0,0,0,0,0,0,0,0,0,0,0,0,0,0,0,2456,0,0,2246,8,49,-148,0,0,0,0,2159,237,-58,0,0,0,8,-201,8,-201,0,0,0,0,6205,505,-117,5,0,0,0,0,6833,0,0,-6219,33,-144,-435,0,0,0,0,5981,683,-161,-5,0,-3,41,-587,8,-68,38145
3521606,Irapuru,2358,0,0,2358,5879,0,0,2354,0,0,4,0,0,2123,193,-35,0,0,0,0,0,2119,193,35,0,0,0,0,0,0,0,0,0,0,0,0,0,0,0,0,0,0,0,0,0,2355,0,0,2089,9,42,-196,0,0,0,0,2132,25,-158,-10,0,-18,11,-217,11,-217,0,0,0,0,5270,514,-84,0,0,0,0,-3,5874,-3,0,-5175,49,-115,-521,0,0,-6,0,5294,74,-408,-26,0,-68,40,-565,0,-43,33537
3521705,Itaberá,6515,0,-34,6515,17934,-8,34,6504,0,6,0,0,0,4546,879,-211,846,0,0,0,0,4536,879,211,846,0,0,0,0,0,0,0,0,0,0,0,0,6,0,0,0,0,0,0,0,6489,-11,-4,4278,38,640,-1464,-4,-45,0,0,5413,363,-670,-21,0,0,283,-1660,283,-1659,0,0,0,0,12491,2544,-607,2271,5,0,0,0,17882,-32,-11,-11772,138,-1789,-4054,-11,-146,0,-4,15002,1007,-1807,-87,-7,-3,782,-4642,88,-581,88910
3521804,Itaí,8659,0,-47,8659,24085,-5,131,8637,0,9,0,0,0,7087,1051,-123,367,0,0,0,0,7072,1045,123,366,0,0,0,0,0,0,0,0,0,0,0,0,9,0,0,0,0,0,0,0,8641,-3,0,6903,51,1026,-568,0,-71,0,0,7685,439,-361,-12,0,-134,102,-1450,102,-1441,0,0,0,0,19663,3018,-362,1021,0,0,0,-6,24058,-4,-4,-19184,155,-2822,-1689,-10,-186,-7,0,21379,1260,-992,-51,-3,-387,311,-4102,57,-587,128560
3521903,Itajobi,6216,0,-41,6216,16948,0,41,6216,0,0,0,0,0,5470,697,-17,0,0,0,0,0,5470,697,17,0,0,0,0,0,0,0,0,0,0,0,0,0,0,0,0,0,0,0,0,0,6213,0,0,5482,28,390,-287,0,0,0,0,5551,155,-397,-18,-12,-51,7,-709,7,-709,0,0,0,0,14822,2034,-49,29,0,0,0,0,16939,-7,0,-14835,81,-1177,-827,-3,-5,-5,0,15050,486,-1157,-67,-34,-148,42,-2071,0,-187,92491
3522000,Itaju,1305,0,0,1305,3614,0,0,1302,3,0,0,0,0,999,212,-51,40,0,0,0,0,999,209,51,40,0,0,0,0,0,3,0,0,0,0,0,0,0,0,0,0,0,0,0,0,1305,0,0,1017,6,113,-157,0,0,0,0,1040,156,-99,0,0,0,35,-264,35,-262,0,0,0,0,2807,552,-142,111,0,0,0,0,3614,0,0,-2837,18,-322,-430,0,0,0,0,2919,407,-279,0,-4,0,92,-709,8,-84,18677
3522109,Itanhaém,41961,-12,-154,41961,112217,-35,192,37590,325,3879,4,0,0,39217,1353,-110,341,9,0,27,-743,34881,1325,103,339,9,0,27,-742,304,16,0,0,0,0,0,0,3878,0,0,0,0,0,0,0,41411,-166,-301,24192,2173,11385,-2390,-1164,-274,-21,0,38549,2453,-305,-3,-386,-146,489,-2144,477,-2119,11,-9,0,0,104894,3795,-366,849,35,3,-75,-2121,110747,-558,-853,-64437,6483,-30317,-6393,-3460,-876,-94,-3,103275,6560,-738,-8,-1087,-467,1537,-5726,258,-809,649922
3522158,Itaoca,1262,0,0,1262,3422,0,0,1249,6,4,0,0,0,883,0,0,307,0,0,50,0,871,0,0,307,0,0,49,0,6,0,0,0,0,0,0,0,4,0,0,0,0,0,0,0,1239,-10,-6,398,0,180,-572,-47,-45,-4,0,186,1037,-27,0,0,-3,49,-324,49,-323,0,0,0,0,2408,11,-10,854,0,0,-123,-9,3378,-31,-6,-1111,0,-517,-1507,-138,-138,-5,0,534,2803,-62,-6,0,-12,151,-862,19,-114,16966
3522208,Itapecerica da Serra,54546,-18,-535,54546,157822,-62,581,52880,469,1021,60,0,-23,49537,2860,-1410,219,163,-5,0,-66,48091,2668,1388,218,161,-5,0,-66,254,180,13,0,0,0,0,0,1021,0,0,0,0,0,0,0,54047,-99,-264,33436,1019,11752,-5716,-158,-1833,-57,-4,49163,4591,-152,-3,-339,-107,304,-4507,293,-4298,3,-197,0,0,143533,8344,-4130,739,529,47,-20,-337,156492,-389,-858,-96848,3072,-34270,-16861,-595,-5661,-317,-12,142441,13373,-477,-17,-1091,-336,1088,-13108,92,-1645,856160
3522307,Itapetininga,54533,0,-1632,54533,154260,-25,1647,49480,2571,2367,46,0,0,51346,1364,-1205,438,36,0,0,-6,46302,1364,1204,438,36,0,0,-6,2566,0,0,0,0,0,0,0,2364,0,0,0,0,0,0,0,54411,-16,-38,48867,173,1706,-3411,-5,-144,-9,0,52003,1647,-699,-15,-3,-39,332,-2748,332,-2747,0,0,0,0,145191,4160,-3499,1195,101,3,-6,-33,153968,-112,-129,-138198,648,-4881,-9870,-45,-418,-59,-3,147422,4511,-2013,-90,-17,-152,1031,-7992,92,-1009,863414
3522406,Itapeva,31768,-6,-43,31768,89544,-15,43,30170,385,1148,3,0,0,28251,1305,-582,1449,43,0,9,-11,26656,1304,582,1448,43,0,9,-11,385,0,0,0,0,0,0,0,1148,0,0,0,0,0,0,0,31501,-47,-131,25272,280,1058,-4575,-92,-294,0,0,26817,3850,-917,-27,-24,-31,215,-3226,215,-3221,0,0,0,0,79375,3892,-1701,4222,179,4,-45,-72,88841,-220,-427,-70856,946,-3137,-13367,-245,-883,-42,0,75450,11142,-2564,-132,-83,-137,774,-9374,95,-1194,483857
3522505,Itapevi,81801,-124,-44,81801,231876,-339,44,71663,1286,7101,1199,0,-385,78989,1091,-611,104,415,0,26,-346,69007,1037,608,99,411,0,17,-257,1243,38,0,0,0,0,0,0,7098,0,0,0,0,0,0,0,80698,-204,-776,66350,651,4386,-2691,-613,-5250,-1532,0,75459,5466,-84,-3,-272,-369,888,-1763,874,-1625,0,-39,0,0,223696,3389,-1891,332,1228,31,-120,-1083,228906,-698,-2202,-186556,2044,-12985,-8257,-1875,-15510,-4488,-7,214102,15582,-264,-29,-886,-950,2925,-5185,341,-780,1303209
3522604,Itapira,26192,0,-279,26192,71426,-5,310,24633,281,1228,0,0,0,24398,1236,-210,305,0,0,0,0,22901,1186,201,301,0,0,0,0,226,40,3,0,0,0,0,0,1228,0,0,0,0,0,0,0,25933,-240,0,24087,352,1125,-499,0,-21,0,0,25404,604,-100,-19,-3,-14,242,-1513,235,-1458,6,-46,0,0,66518,3466,-586,819,3,0,0,-7,70684,-720,-10,-65726,1022,-3122,-1405,-10,-77,-14,0,69331,1682,-302,-54,-4,-37,706,-4184,52,-442,413451
3522653,Itapirapuã Paulista,1559,0,0,1559,4305,0,0,1549,0,9,0,0,0,1119,60,0,368,0,0,0,0,1109,60,0,368,0,0,0,0,0,0,0,0,0,0,0,0,9,0,0,0,0,0,0,0,1552,-3,0,924,11,38,-486,0,-85,0,0,1329,25,-184,-7,0,0,18,-412,18,-412,0,0,0,0,3095,161,0,1038,0,0,0,0,4294,-9,0,-2516,43,-112,-1384,0,-238,0,0,3694,77,-482,-26,-11,-8,46,-1162,0,-184,20716
3522703,Itápolis,15000,0,-15,15000,39437,0,15,14960,17,16,0,0,0,13996,571,-356,34,0,0,0,-4,13973,554,356,34,0,0,0,-4,0,17,0,0,0,0,0,0,16,0,0,0,0,0,0,0,14977,-11,-4,13959,26,182,-706,-72,0,0,-4,14035,217,-580,-23,0,-110,158,-804,158,-788,0,-16,0,0,36663,1659,-969,121,0,0,0,-8,39395,-28,-5,-36554,111,-534,-1994,-187,-16,-3,-8,36782,634,-1607,-80,-3,-319,456,-2296,35,-190,225266
3522802,Itaporanga,5214,0,-38,5214,14002,-7,51,5191,0,17,0,0,0,4298,299,-123,475,0,0,0,0,4277,299,121,475,0,0,0,0,0,0,0,0,0,0,0,0,17,0,0,0,0,0,0,0,5117,-78,-3,3926,11,531,-673,-10,-15,0,0,4392,211,-550,-8,-6,-11,21,-879,21,-877,0,0,0,0,11587,800,-327,1264,0,0,0,-7,13754,-217,-17,-10553,58,-1454,-1816,-38,-52,-6,0,11847,564,-1458,-40,-29,-43,72,-2332,6,-245,72220
3522901,Itapuí,4749,0,-45,4749,13610,0,45,4746,0,0,0,0,0,4579,100,-43,15,0,0,0,0,4576,100,43,15,0,0,0,0,0,0,0,0,0,0,0,0,0,0,0,0,0,0,0,0,4738,0,0,4497,88,108,-43,0,0,0,0,4671,19,-43,0,0,0,84,-78,84,-78,0,0,0,0,13153,268,-129,57,0,0,0,0,13596,-3,-4,-12907,265,-302,-122,0,-9,0,0,13372,76,-140,-4,-6,0,255,-200,29,-13,78518
3523008,Itapura,1519,0,0,1519,3973,-3,0,1518,0,0,0,0,0,1281,230,0,3,0,0,0,0,1280,230,0,3,0,0,0,0,0,0,0,0,0,0,0,0,0,0,0,0,0,0,0,0,1511,-6,0,1180,4,119,-205,0,0,0,0,1418,53,-39,0,-4,0,119,-116,119,-116,0,0,0,0,3354,608,0,3,0,0,0,-4,3955,-16,0,-3133,24,-281,-528,0,0,0,0,3721,135,-103,0,-8,0,322,-295,39,-26,23357
3523107,Itaquaquecetuba,122125,-45,-120,122125,368899,-175,143,110727,1202,9703,301,0,0,119619,725,-208,102,10,0,36,-1043,108264,717,208,102,10,0,36,-1020,1185,3,0,0,0,0,0,-6,9687,0,0,0,0,0,0,-11,121627,-163,-123,92269,1116,7499,-8254,-753,-10980,-519,0,114574,6939,-128,0,-180,-75,1100,-1086,1078,-1075,3,-3,12,0,360874,2631,-885,420,68,13,-176,-3684,367431,-754,-623,-274726,3835,-24173,-26247,-2772,-35015,-1850,-15,346649,20673,-545,0,-642,-317,4030,-3870,699,-660,2026548
3523206,Itararé,16512,0,-17,16512,44326,-8,17,16246,69,176,3,0,0,15594,232,-72,554,0,0,7,-5,15358,204,72,554,0,0,7,0,69,0,0,0,0,0,0,0,146,23,0,0,0,0,0,-4,16460,-25,0,14665,13,464,-1001,-3,-290,-4,0,15933,152,-365,-15,0,-6,31,-848,6,-839,0,0,20,-8,41948,634,-224,1467,0,0,-13,-9,44228,-76,0,-39523,77,-1196,-2656,-13,-813,-14,-6,42894,386,-943,-49,-12,-18,91,-2262,3,-232,254584
3523305,Itariri,5654,0,-46,5654,15461,-13,46,5530,19,81,3,0,-5,4363,280,-54,853,0,-3,33,-12,4246,276,50,851,0,-3,33,-12,19,0,0,0,0,0,0,0,81,0,0,0,0,0,0,0,5599,-12,-6,3726,49,984,-698,-106,-3,-3,0,4756,528,-311,-3,0,-8,22,-1227,22,-1221,0,0,0,0,12094,761,-164,2237,0,13,-104,-57,15347,-53,-37,-10331,204,-2555,-1920,-344,-16,-44,-4,13126,1435,-797,-25,0,-51,140,-3208,5,-437,80688
3523404,Itatiba,43737,-5,-284,43737,121174,-39,335,34272,1821,7363,124,0,-74,40356,1277,-1722,146,38,0,53,-3,31128,1192,1652,132,38,0,8,-3,1604,74,58,11,0,0,45,0,7359,0,0,0,0,0,0,0,43567,-73,-34,37498,196,4020,-1695,-4,-107,-42,0,41655,1930,-83,0,0,-3,280,-2987,248,-2795,27,-173,0,0,111626,3917,-4800,462,140,4,-123,-31,120646,-319,-176,-103195,716,-11421,-5238,-25,-341,-140,0,115603,5134,-347,-18,0,-32,996,-8493,95,-942,680727
3523503,Itatinga,6023,-9,-48,6023,18050,-22,50,5959,25,6,29,0,0,5390,400,-45,161,0,0,5,0,5332,394,45,161,0,0,5,0,25,0,0,0,0,0,0,0,0,6,0,0,0,0,0,0,6009,0,-4,5262,9,393,-304,-9,0,-4,0,5453,439,-95,-13,0,-9,24,-597,24,-591,0,0,0,-6,16149,1248,-136,477,14,0,-15,0,18016,-18,-9,-15800,49,-1267,-855,-44,-3,-16,0,16403,1290,-270,-45,-3,-33,76,-1821,4,-268,97069
3523602,Itirapina,4787,-9,-2989,4787,13135,-17,2989,4727,8,47,0,0,0,4387,220,-17,132,0,0,0,-3,4333,215,17,132,0,0,0,-3,4,4,0,0,0,0,0,0,46,0,0,0,0,0,0,0,4780,0,-3,3663,44,721,-317,0,0,0,0,4374,308,-66,0,-12,-5,30,-347,30,-342,0,-4,0,0,12014,639,-72,384,0,3,-3,-7,13118,-7,-7,-10176,150,-1897,-879,0,-6,0,-3,11958,906,-198,-7,-33,-23,117,-987,8,-141,74637
3523701,Itirapuã,2005,0,-17,2005,5756,0,23,1996,0,7,0,0,0,1739,113,0,150,0,0,0,0,1730,113,0,150,0,0,0,0,0,0,0,0,0,0,0,0,7,0,0,0,0,0,0,0,2003,0,0,1716,97,26,-154,0,0,0,0,1744,116,-129,0,0,-8,15,-250,15,-250,0,0,0,0,5054,295,-3,402,0,0,0,0,5753,0,0,-5009,253,-69,-413,0,-7,-3,0,5078,332,-321,0,-3,-18,44,-658,3,-89,31339
3523800,Itobi,2906,-3,-39,2906,8000,-4,39,2901,0,4,0,0,0,2572,117,-81,117,0,0,0,-14,2567,117,81,117,0,0,0,-14,0,0,0,0,0,0,0,0,4,0,0,0,0,0,0,0,2882,0,-20,2555,21,135,-171,0,-3,0,0,2670,5,-114,0,0,-105,0,-328,0,-328,0,0,0,0,7050,344,-218,340,0,0,0,-46,7932,-4,-64,-7023,54,-406,-482,-14,-11,-5,0,7319,35,-334,-19,0,-291,15,-934,0,-120,42610
3523909,Itu,59531,-23,-220,59531,167675,-80,234,46989,3485,8575,362,0,0,54790,2713,-788,220,637,-16,91,-93,42779,2276,761,207,618,-8,87,-75,3247,186,19,7,0,0,0,0,8318,211,0,0,17,0,4,-14,58653,-418,-359,53499,349,3364,-1776,-100,-111,-104,0,11822,47030,-490,-10,0,-66,1011,-3620,745,-3361,45,-185,208,-39,153835,8079,-2310,710,1982,61,-275,-352,165204,-1326,-1078,-150134,1095,-10185,-5119,-317,-354,-355,-16,32674,133175,-1509,-72,-4,-185,2898,-10890,333,-1608,942297
3524006,Itupeva,23683,-4,-24,23683,70531,-12,50,19688,1463,2398,77,0,0,19794,2228,-1154,267,36,0,3,-94,16129,1967,1120,242,36,0,3,-93,1143,251,26,23,0,0,0,0,2396,0,0,0,0,0,0,0,23505,-63,-78,18404,227,2595,-2149,-28,-146,-15,0,22042,1491,-92,0,0,-3,1459,-2356,1365,-2130,84,-218,0,0,58895,6722,-3494,870,142,5,-24,-331,69973,-233,-303,-54790,797,-7548,-6724,-102,-477,-62,0,65869,4269,-315,-25,-13,-25,4522,-7091,662,-879,380040
3524105,Ituverava,14031,0,-59,14031,37484,-3,73,13738,48,230,0,0,0,13502,291,-65,119,0,0,0,-10,13280,220,63,119,0,0,0,-10,48,0,0,0,0,0,0,0,157,66,0,0,0,0,0,0,13976,-36,-7,13593,32,177,-179,0,-6,-10,0,13625,158,-209,0,0,-10,67,-427,36,-384,0,0,26,-40,36172,761,-169,318,0,0,0,-35,37355,-91,-30,-36370,93,-469,-475,0,-13,-35,-4,36433,428,-551,-3,0,-48,192,-1095,9,-94,220014
3524204,Jaborandi,2278,0,-21,2278,6197,0,22,2267,0,7,0,0,0,1881,297,-89,0,0,0,0,0,1870,297,89,0,0,0,0,0,0,0,0,0,0,0,0,0,7,0,0,0,0,0,0,0,2275,0,0,2164,0,19,-87,0,0,0,0,2170,28,-56,-6,0,-14,194,-200,194,-200,0,0,0,0,5040,874,-266,7,4,0,0,-3,6188,-4,-4,-5875,0,-45,-255,0,-13,0,0,5895,89,-151,-14,-3,-45,574,-581,53,-71,35255
3524303,Jaboticabal,27388,0,-128,27388,71608,-9,135,24315,306,2724,10,0,0,26269,938,-72,44,0,0,0,0,23618,521,72,44,0,0,0,0,262,41,0,0,0,0,0,0,2345,375,0,0,0,0,0,0,27364,0,-4,26768,5,154,-397,0,-15,-3,0,26222,816,-254,0,0,-51,541,-519,124,-519,41,0,375,0,68813,2424,-193,117,0,0,-11,-3,71570,-13,-7,-69948,43,-447,-1074,-3,-46,-18,0,68730,2000,-682,-12,0,-153,1318,-1430,138,-153,429802
3524402,Jacareí,85059,-5,-170,85059,239959,-9,181,66284,6539,11923,119,0,0,82558,955,-901,360,61,0,0,-34,63898,867,895,357,61,0,0,-34,6449,68,5,3,0,0,0,0,11907,7,0,0,0,0,0,0,84759,-102,-97,78580,589,3386,-1496,-247,-406,-8,0,77334,7414,-155,0,-9,-29,172,-2177,158,-2093,3,-78,7,0,232827,2916,-2681,1065,185,10,-9,-168,239206,-341,-348,-220946,1971,-10085,-4568,-806,-1359,-78,0,219525,19764,-462,-20,-29,-87,710,-6365,56,-733,1377076
3524501,Jaci,2637,-3,-158,2637,7444,-9,158,2633,0,0,0,0,0,2381,244,0,6,0,0,0,0,2377,244,0,6,0,0,0,0,0,0,0,0,0,0,0,0,0,0,0,0,0,0,0,0,2635,0,0,2358,24,244,0,0,0,0,0,2447,106,-70,-6,0,0,20,-228,20,-228,0,0,0,0,6701,716,-4,15,0,0,0,-5,7437,-7,0,-6651,83,-696,-3,0,0,0,0,6906,308,-195,-13,-4,-11,74,-668,3,-78,41827
3524600,Jacupiranga,5828,0,-26,5828,16056,0,37,5755,33,27,4,0,0,4071,307,-475,931,0,0,6,0,4006,307,473,925,0,0,6,0,28,0,0,5,0,0,0,0,27,0,0,0,0,0,0,0,5790,-14,0,3769,62,884,-845,-184,-19,-8,-4,5415,80,-291,-4,0,-8,17,-1724,17,-1716,0,-5,0,0,11078,910,-1391,2627,4,0,-30,0,15980,-48,-14,-10204,195,-2494,-2460,-545,-84,-36,-11,14926,238,-825,-24,-3,-22,74,-4896,11,-771,77556
3524709,Jaguariúna,21437,-10,-105,21437,59124,-61,134,15835,592,4893,72,0,-8,20691,539,-117,39,4,0,0,0,15197,440,109,39,4,0,0,0,556,28,7,0,0,0,0,0,4826,63,0,0,0,0,0,0,21075,-324,-8,20054,132,839,-324,0,-21,0,0,16894,4486,-23,0,0,0,317,-399,262,-346,30,-6,24,-37,57127,1412,-381,157,10,0,-6,0,58195,-865,-49,-55296,373,-2395,-954,-3,-50,0,-3,46997,12015,-88,-8,0,0,885,-1092,80,-107,344344
3524808,Jales,19080,-3,-70,19080,48638,-8,73,18462,123,470,0,0,-3,17972,1008,-51,3,0,0,0,0,17356,1008,51,3,0,0,0,0,121,0,0,0,0,0,0,0,470,0,0,0,0,0,0,0,19053,-6,0,17962,49,403,-625,0,0,0,0,18075,357,-576,-4,0,-25,69,-990,69,-990,0,0,0,0,45726,2719,-142,17,0,0,0,-9,48580,-26,-12,-45695,149,-1066,-1692,-6,0,-3,0,46076,922,-1510,-32,-7,-69,263,-2632,18,-214,287959
3524907,Jambeiro,2296,0,-18,2296,6373,-4,18,2145,135,5,0,0,0,1575,278,-97,320,0,0,0,0,1502,201,97,317,0,0,0,0,60,75,0,0,0,0,0,0,5,0,0,0,0,0,0,0,2281,-3,-5,1115,0,484,-546,0,-124,0,0,1867,373,-38,0,0,-3,58,-649,54,-575,3,-70,0,0,4411,802,-250,880,0,6,-5,-11,6334,-19,-19,-3097,6,-1275,-1581,-6,-390,-7,0,5249,987,-121,-3,0,-8,195,-1764,14,-222,31907
3525003,Jandira,42007,-4,0,42007,118017,-14,0,36843,1339,3734,19,0,0,41606,112,-8,10,0,0,37,-165,36464,99,8,10,0,0,37,-165,1322,13,0,0,0,0,0,0,3729,0,0,0,0,0,0,0,41932,-12,-31,36172,383,2368,-48,-93,-2691,-120,0,38000,3970,0,0,0,0,88,-244,81,-239,7,-5,0,0,116882,372,-44,31,3,4,-131,-513,117829,-67,-92,-100282,1172,-7558,-216,-294,-8047,-388,0,107011,10952,0,0,-30,-15,358,-746,27,-157,682636
3525102,Jardinópolis,14866,-49,-43,14866,43282,-129,43,14603,100,146,0,0,0,14060,617,-25,109,15,0,9,-3,13965,458,25,109,15,0,3,0,13,79,0,0,0,0,6,0,63,79,0,0,0,0,0,-3,14851,0,-3,14279,20,308,-171,0,-13,-8,0,14440,236,-124,-5,-3,-33,424,-364,276,-343,63,-21,83,0,41049,1752,-78,320,31,0,-18,-22,43238,-16,-20,-41665,82,-912,-495,-5,-47,-53,0,42198,558,-373,-21,-10,-106,1176,-1049,133,-121,246697
3525201,Jarinu,12962,0,-53,12962,37465,-7,53,12199,662,74,3,0,0,8864,2591,-1175,82,11,0,84,-3,8337,2512,1106,77,11,0,5,-3,436,70,64,5,0,0,79,0,74,0,0,0,0,0,0,0,12586,-298,-41,4850,115,3994,-3808,-8,-33,-12,0,12268,581,-37,0,0,-3,489,-3532,464,-3315,19,-201,0,0,25602,7572,-3497,346,55,4,-293,-35,36351,-905,-190,-13586,455,-11859,-11295,-49,-107,-61,0,35416,1799,-177,-5,-12,-29,1514,-10319,155,-1311,179164
3525300,Jaú,48510,-3,-353,48510,132753,-18,397,46206,454,1755,37,0,0,47290,733,-122,277,4,0,0,-3,45382,362,110,274,0,0,0,0,179,263,8,0,0,0,0,0,1648,99,0,0,4,0,0,0,48461,-8,-8,47274,42,839,-266,0,-12,0,0,47220,950,-247,-3,-3,-12,150,-996,31,-723,9,-261,103,0,129373,2126,-360,799,12,3,0,-32,132627,-67,-39,-129229,167,-2436,-785,-4,-45,-25,0,129412,2534,-690,-15,-13,-32,466,-2881,23,-343,777842
3525409,Jeriquara,1318,0,0,1318,3863,0,0,1315,0,0,0,0,0,1164,102,-14,31,0,0,0,0,1162,102,14,31,0,0,0,0,0,0,0,0,0,0,0,0,0,0,0,0,0,0,0,0,1316,0,0,1157,0,55,-94,0,-3,0,0,1188,16,-70,0,0,-40,0,-148,0,-148,0,0,0,0,3407,326,-48,78,0,0,-3,0,3861,0,0,-3385,13,-169,-282,0,-10,0,0,3469,44,-211,0,-5,-131,6,-447,0,-69,20079
3525508,Joanópolis,4662,0,0,4662,12750,-4,8,4586,21,40,0,0,0,3422,401,-281,523,0,0,4,0,3353,399,280,519,0,0,4,0,21,0,0,0,0,0,0,0,40,0,0,0,0,0,0,0,4613,-22,-14,3340,10,802,-433,-4,-17,-3,0,3538,1057,-44,0,0,0,49,-1177,49,-1170,0,0,0,0,9419,1056,-805,1422,0,0,-19,0,12620,-78,-43,-9180,57,-2180,-1206,-23,-68,-18,0,9736,2866,-129,-4,0,0,146,-3172,15,-339,66057
3525607,João Ramalho,1543,0,0,1543,4363,-7,0,1541,0,0,0,0,0,1387,137,-5,4,0,0,0,0,1385,137,5,4,0,0,0,0,0,0,0,0,0,0,0,0,0,0,0,0,0,0,0,0,1543,0,0,1359,0,48,-130,0,0,0,0,1444,37,-42,-10,0,0,6,-145,6,-145,0,0,0,0,3912,397,-12,33,0,0,-6,-3,4363,0,0,-3848,0,-132,-378,-5,0,0,0,4089,111,-130,-28,0,0,31,-420,6,-47,23941
3525706,José Bonifácio,13333,0,-103,13333,36517,-7,106,12985,9,316,0,0,-4,12314,908,-54,8,0,0,0,0,12008,866,54,8,0,0,0,0,9,0,0,0,0,0,0,0,277,39,0,0,0,0,0,0,13312,-12,0,12309,152,485,-327,0,-4,0,0,12545,259,-466,-9,0,-27,390,-595,349,-594,0,0,39,0,33695,2596,-158,31,0,3,0,-4,36459,-51,0,-33671,430,-1439,-926,0,-19,-3,0,34323,747,-1337,-32,-3,-69,1085,-1716,115,-202,210582
3525805,Júlio Mesquita,1562,0,0,1562,4254,0,0,1561,0,0,0,0,0,1524,33,0,4,0,0,0,0,1523,33,0,4,0,0,0,0,0,0,0,0,0,0,0,0,0,0,0,0,0,0,0,0,1561,0,0,1538,22,0,0,0,0,0,0,1538,0,-23,0,0,0,33,-4,33,-4,0,0,0,0,4150,97,0,7,0,0,0,0,4251,-3,0,-4185,61,0,-8,0,0,0,0,4185,0,-67,0,0,0,91,-13,13,0,25333
3525854,Jumirim,998,0,0,998,3045,0,0,996,0,0,0,0,0,789,186,-4,9,0,0,0,0,787,186,4,9,0,0,0,0,0,0,0,0,0,0,0,0,0,0,0,0,0,0,0,0,998,0,0,564,0,259,-159,-4,0,0,0,874,90,-25,0,0,0,35,-165,35,-165,0,0,0,0,2393,598,-15,35,0,0,0,0,3045,0,0,-1700,4,-809,-511,-10,0,0,0,2645,307,-82,-7,0,0,106,-540,3,-59,15743
3525904,Jundiaí,163202,-6,-733,163202,441242,-56,813,104914,7949,49835,208,0,-3,156446,3153,-2327,650,185,0,12,-30,98336,3056,2281,644,185,0,12,-27,7854,52,20,0,0,0,0,0,49786,9,-9,0,0,0,0,0,161866,-802,-357,154401,463,5108,-2401,-51,-202,-47,0,133756,29058,-46,-6,0,-28,1348,-5136,1297,-5031,7,-69,26,0,421584,9472,-7011,2038,732,12,-38,-181,437284,-2701,-1161,-415881,1786,-14869,-7414,-180,-714,-189,-3,361708,78967,-244,-17,-5,-152,4279,-15266,408,-1577,2574676
3526001,Junqueirópolis,7150,0,-1335,7150,19107,0,1335,7102,7,29,3,0,0,6643,408,-77,5,5,0,0,0,6596,407,77,5,5,0,0,0,7,0,0,0,0,0,0,0,29,0,0,0,0,0,0,0,7141,-3,0,6601,11,58,-442,0,0,-8,0,6696,74,-300,-21,-6,-20,121,-375,121,-374,0,0,0,0,17767,1094,-200,27,10,0,0,0,19093,-5,-3,-17654,55,-180,-1171,-3,-10,-20,0,17895,230,-799,-76,-21,-66,351,-981,32,-58,109239
3526100,Juquiá,6343,0,-34,6343,17109,-4,34,6288,20,23,0,0,0,4407,285,-358,1164,0,0,63,-3,4370,283,356,1150,0,0,63,-3,3,0,0,14,0,0,0,0,23,0,0,0,0,0,0,0,6275,-12,-13,3750,124,1171,-777,-300,-147,0,0,4732,845,-651,-9,0,-60,104,-1794,102,-1778,0,-13,0,0,11939,899,-947,3070,0,3,-208,-7,16926,-99,-55,-10110,399,-3143,-2095,-876,-434,-13,0,12766,2412,-1691,-50,0,-168,327,-4829,28,-653,82879
3526209,Juquitiba,9994,0,-70,9994,27273,-18,79,9877,39,29,19,0,0,5930,1511,-1480,925,6,-3,9,-14,5876,1486,1457,911,6,-3,9,-14,5,9,15,5,0,0,0,0,29,0,0,0,0,0,0,0,9729,-162,-21,2997,258,3004,-3427,-13,-105,-14,0,7634,1719,-518,0,0,-22,209,-3792,203,-3732,0,-30,0,0,16536,4194,-3880,2474,12,21,-35,-53,26549,-546,-134,-8322,744,-8199,-9356,-112,-384,-71,0,21041,4637,-1434,-10,-4,-92,671,-10030,79,-1353,120751
3526308,Lagoinha,2075,-15,-39,2075,4981,-44,47,2068,0,0,0,0,0,1259,48,-271,489,0,0,0,0,1252,48,271,489,0,0,0,0,0,0,0,0,0,0,0,0,0,0,0,0,0,0,0,0,2062,0,0,1190,7,259,-491,-61,-43,-3,0,1377,622,-64,0,0,0,6,-806,6,-806,0,0,0,0,3036,117,-652,1172,0,0,0,0,4963,-7,-3,-2876,22,-617,-1179,-149,-116,-10,0,3344,1484,-142,-3,0,-6,21,-1924,0,-183,24280
3526407,Laranjal Paulista,9281,0,-70,9281,26171,0,71,9032,84,143,12,0,0,8257,482,-433,71,0,0,0,-11,8046,462,428,71,0,0,0,0,48,18,5,0,0,0,0,-11,143,0,0,0,0,0,0,0,9248,-3,-26,8069,41,247,-850,-18,0,-3,0,8154,967,-109,0,0,-14,126,-883,125,-847,0,-34,0,0,23285,1420,-1205,206,8,7,0,-29,26081,-14,-71,-22730,155,-702,-2468,-39,-29,-24,0,23007,2745,-339,-4,0,-52,396,-2479,57,-273,142680
3526506,Lavínia,1829,-3,-12,1829,4769,-3,13,1828,0,0,0,0,0,1560,244,-9,0,0,0,0,0,1559,244,9,0,0,0,0,0,0,0,0,0,0,0,0,0,0,0,0,0,0,0,0,0,1826,0,0,1500,62,127,-117,0,0,0,0,1709,27,-71,-6,0,-11,78,-184,78,-184,0,0,0,0,4019,701,-40,0,0,0,0,0,4760,-4,-5,-3907,184,-369,-292,0,0,-3,-5,4442,72,-206,-17,0,-30,233,-513,26,-42,27695
3526605,Lavrinhas,2388,0,-20,2388,7130,-10,20,2372,0,12,0,0,0,2251,4,-3,82,0,0,23,0,2235,4,3,82,0,0,23,0,0,0,0,0,0,0,0,0,12,0,0,0,0,0,0,0,2382,0,0,1907,4,115,-143,-6,-191,0,0,2164,163,-46,-3,0,0,7,-113,7,-113,0,0,0,0,6775,27,-11,226,9,0,-67,-4,7124,0,0,-5762,27,-334,-391,-39,-564,0,0,6501,483,-131,-6,0,-3,39,-310,7,-33,38693
3526704,Leme,35754,0,-96,35754,97929,-25,113,34241,398,997,68,0,0,34890,410,-208,201,0,0,0,0,33533,258,205,200,0,0,0,0,387,8,0,0,0,0,0,0,854,142,0,0,0,0,0,0,35722,-6,-4,35001,112,169,-376,-3,-12,0,0,35069,283,-254,-8,0,-71,413,-410,261,-410,9,0,141,0,95646,1046,-580,588,18,0,-9,-13,97859,-51,-9,-95845,371,-489,-1087,-24,-68,-12,0,96219,688,-736,-33,-9,-219,1051,-1201,84,-108,574716
3526803,Lençóis Paulista,22815,0,-110,22815,66253,-8,130,21750,27,996,3,0,0,22170,475,-16,129,0,0,0,0,21111,471,16,129,0,0,0,0,27,0,0,0,0,0,0,0,994,0,0,0,0,0,0,0,22792,-3,0,21974,45,379,-359,-11,-4,0,0,1673,21010,-94,0,0,0,200,-423,197,-423,0,0,0,0,64629,1248,-55,299,0,0,0,-5,66185,-57,0,-64067,139,-965,-980,-34,-38,-9,0,4803,61188,-236,0,0,-7,537,-1080,45,-106,378564
3526902,Limeira,104429,-7,-1184,104429,290221,-60,1240,86619,3146,14433,83,0,0,100459,2452,-1049,172,119,0,5,-13,83358,1907,966,159,56,0,5,-13,2521,519,73,6,3,0,0,0,14423,0,0,0,0,0,0,0,103845,-170,-317,100140,603,2326,-1159,-10,-3,-3,0,98657,5095,-336,0,-22,-160,531,-3316,297,-2851,220,-383,0,0,278998,7059,-3013,564,370,8,-27,-85,288609,-643,-917,-278106,1877,-6648,-3359,-50,-37,-30,-3,274794,13805,-986,-25,-65,-440,1735,-9413,125,-931,1675627
3527009,Lindóia,2591,0,0,2591,7014,0,0,1962,11,611,0,0,0,2319,101,-8,136,0,0,0,-3,1700,93,8,133,0,0,0,-3,0,6,0,0,0,0,0,0,611,0,0,0,0,0,0,0,2586,0,0,2132,8,254,-148,-4,-28,0,0,2288,279,-3,0,0,-8,12,-241,12,-230,0,-7,0,0,6231,341,-31,391,4,0,0,-6,7001,-6,-4,-5679,33,-736,-459,-22,-80,0,0,6186,767,-18,0,0,-39,68,-711,0,-87,39919
3527108,Lins,28421,0,-415,28421,74078,-5,422,26590,248,1501,32,0,0,27897,429,-43,10,0,0,0,0,26082,415,43,10,0,0,0,0,237,10,0,0,0,0,0,0,1501,0,0,0,0,0,0,0,28400,0,0,27894,28,417,-43,0,-3,-3,0,28082,105,-164,-21,0,-18,35,-456,24,-452,11,0,0,0,72697,1150,-145,37,11,0,-6,-11,74038,-10,-8,-72673,86,-1157,-131,0,-8,-5,-3,73187,288,-447,-78,-5,-51,132,-1230,4,-129,445253
3527207,Lorena,30022,0,-180,30022,84565,0,206,27617,283,2074,7,0,0,28878,483,-181,391,0,0,5,0,26479,482,181,387,0,0,5,0,279,0,0,4,0,0,0,0,2073,0,0,0,0,0,0,0,29734,-23,-224,28734,114,596,-372,-22,-118,0,0,28375,1265,-275,-3,0,-37,73,-1010,73,-1005,0,-4,0,0,81236,1566,-602,1053,0,3,-17,-43,83663,-104,-774,-80826,339,-1734,-1210,-82,-322,-11,-5,80115,3473,-792,-25,-15,-105,272,-3019,18,-467,481538
3527256,Lourdes,772,0,0,772,1904,0,0,771,0,0,0,0,0,668,96,0,0,0,0,0,0,667,96,0,0,0,0,0,0,0,0,0,0,0,0,0,0,0,0,0,0,0,0,0,0,771,0,0,663,0,22,-79,0,0,0,0,745,13,-13,0,0,0,37,-60,37,-60,0,0,0,0,1621,280,0,0,0,0,0,0,1903,0,0,-1618,7,-58,-219,0,0,0,0,1839,41,-23,0,0,0,111,-171,10,-16,11529
3527306,Louveira,17898,0,-79,17898,51746,-3,79,15304,1461,1093,6,0,0,16236,813,-342,52,392,0,0,-8,13652,804,341,52,392,0,0,-8,1461,0,0,0,0,0,0,0,1081,8,0,0,0,0,0,0,17768,-89,-21,15635,77,1254,-623,-5,-216,-11,0,17227,605,-9,0,-23,-3,365,-1251,365,-1241,0,0,0,-8,46734,2430,-1084,188,1245,0,-9,-34,51390,-280,-65,-44907,301,-3704,-2052,-25,-693,-42,0,49723,1874,-48,0,-74,-16,1174,-3822,104,-471,287962
3527405,Lucélia,6600,0,-2582,6600,17475,0,2582,6545,30,17,0,0,0,6302,256,-24,0,3,0,0,0,6248,255,24,0,3,0,0,0,30,0,0,0,0,0,0,0,17,0,0,0,0,0,0,0,6591,0,-3,6281,0,169,-123,0,0,-4,0,6395,65,-78,-21,0,-21,9,-277,9,-276,0,0,0,0,16697,692,-59,7,7,0,0,0,17461,0,-7,-16643,12,-488,-303,0,0,-13,0,16951,192,-195,-67,0,-64,32,-741,4,-53,102519
3527504,Lucianópolis,889,0,-3,889,2366,0,3,889,0,0,0,0,0,723,130,-5,26,0,0,0,0,723,130,5,26,0,0,0,0,0,0,0,0,0,0,0,0,0,0,0,0,0,0,0,0,888,0,0,692,0,86,-102,0,0,0,0,808,46,-27,0,0,0,17,-148,17,-148,0,0,0,0,1896,371,-13,77,0,0,0,-7,2359,0,-7,-1813,14,-247,-283,0,0,-9,0,2135,153,-70,-3,0,-3,54,-415,5,-57,13057
3527603,Luís Antônio,4169,0,-4,4169,12260,0,4,4164,0,0,0,0,0,4064,78,-3,14,0,0,0,0,4059,78,3,14,0,0,0,0,0,0,0,0,0,0,0,0,0,0,0,0,0,0,0,0,4163,0,0,4052,3,63,-41,0,0,0,0,4085,33,-26,-8,0,-5,7,-93,7,-93,0,0,0,0,11971,229,-4,37,0,0,0,-13,12247,-8,0,-11943,13,-178,-114,0,0,-4,0,12039,109,-61,-25,0,-18,32,-254,3,-35,69239
3527702,Luiziânia,1729,0,-16,1729,4682,0,16,1725,0,0,3,0,0,1597,113,-9,3,0,0,0,0,1593,113,9,3,0,0,0,0,0,0,0,0,0,0,0,0,0,0,0,0,0,0,0,0,1727,0,0,1598,0,92,-35,0,0,0,0,1617,37,-60,-12,0,0,0,-128,0,-128,0,0,0,0,4296,345,-27,12,0,0,0,0,4676,-4,0,-4301,6,-261,-110,0,0,0,0,4361,101,-169,-42,0,-5,11,-373,0,-44,26470
3527801,Lupércio,1472,0,0,1472,3981,0,0,1471,0,0,0,0,0,1337,108,-4,17,0,0,0,0,1336,108,4,17,0,0,0,0,0,0,0,0,0,0,0,0,0,0,0,0,0,0,0,0,1471,0,0,1336,3,82,-48,0,0,0,0,1372,60,-33,0,0,0,0,-135,0,-135,0,0,0,0,3618,300,-11,48,0,0,0,0,3979,0,0,-3614,14,-230,-123,0,0,0,0,3713,168,-88,-3,-5,0,0,-363,0,-46,22649
3527900,Lutécia,1036,0,0,1036,2661,0,0,1034,0,0,0,0,0,840,147,-13,22,0,0,0,0,839,147,13,21,0,0,0,0,0,0,0,0,0,0,0,0,0,0,0,0,0,0,0,0,1036,0,0,834,0,27,-156,-3,0,0,0,797,127,-86,-3,0,-11,4,-182,4,-181,0,0,0,0,2138,407,-43,63,0,0,0,0,2661,0,0,-2126,6,-88,-426,-7,0,0,0,2055,310,-236,-15,0,-42,29,-488,3,-51,14140
3528007,Macatuba,5651,0,-35,5651,16779,0,40,4985,626,29,0,0,0,5427,152,-8,47,0,0,0,0,4762,151,8,47,0,0,0,0,626,0,0,0,0,0,0,0,29,0,0,0,0,0,0,0,5612,-23,-14,5421,119,89,-5,0,0,0,0,5597,14,-16,0,-3,-9,100,-116,99,-116,0,0,0,0,16148,440,-34,146,0,0,0,0,16655,-78,-44,-16134,327,-269,-31,0,-3,-3,0,16620,55,-49,-8,-17,-28,292,-336,29,-34,95360
3528106,Macaubal,3008,0,-16,3008,7446,-4,31,3001,3,3,0,0,0,2707,272,-18,0,0,0,0,0,2700,272,18,0,0,0,0,0,3,0,0,0,0,0,0,0,3,0,0,0,0,0,0,0,3004,0,0,2692,3,204,-100,0,0,0,0,2746,70,-166,-14,0,-3,20,-270,20,-270,0,0,0,0,6617,765,-54,8,0,0,0,0,7439,0,0,-6594,12,-548,-281,0,-3,0,0,6731,176,-476,-38,-12,-9,78,-746,0,-62,43376
3528205,Macedônia,1507,0,-11,1507,3927,-6,11,1502,0,3,0,0,0,1112,339,-49,0,0,0,0,0,1108,339,49,0,0,0,0,0,0,0,0,0,0,0,0,0,3,0,0,0,0,0,0,0,1503,0,0,1113,18,102,-265,0,0,0,0,1211,115,-151,-12,-13,0,22,-362,22,-362,0,0,0,0,2805,983,-137,0,0,0,0,0,3917,-9,0,-2805,74,-287,-759,0,0,0,0,3098,305,-449,-36,-34,-4,81,-1039,6,-100,19892
3528304,Magda,1257,0,0,1257,3163,0,0,1256,0,0,0,0,0,1068,182,-4,0,0,0,0,0,1067,182,4,0,0,0,0,0,0,0,0,0,0,0,0,0,0,0,0,0,0,0,0,0,1256,0,0,1065,0,117,-67,0,0,0,0,1118,60,-69,-5,0,0,5,-183,5,-183,0,0,0,0,2639,508,-12,0,0,0,0,0,3159,-4,0,-2632,3,-341,-183,0,0,0,0,2780,160,-207,-11,0,0,12,-512,3,-50,17863
3528403,Mairinque,17020,0,-34,17020,48915,-10,34,15735,701,551,7,0,0,14210,1674,-730,141,143,0,5,-5,13055,1569,710,139,142,0,5,-5,585,85,7,0,0,0,0,0,551,0,0,0,0,0,0,0,16922,-19,-24,11429,290,917,-4151,-53,-40,-3,0,14658,2050,-242,-3,0,0,61,-2674,54,-2555,4,-99,0,0,40894,4814,-2138,513,441,8,-28,-29,48646,-142,-108,-32653,876,-2685,-12298,-208,-141,-16,0,42294,5808,-741,-10,-6,-25,285,-7708,13,-979,253419
3528502,Mairiporã,33008,0,-232,33008,93416,-6,280,29876,1027,1984,46,0,0,20755,4294,-3301,2935,909,-19,43,-224,18552,3757,3207,2761,869,-13,40,-159,279,364,75,150,31,-6,0,-63,1821,146,0,5,6,0,0,0,32055,-532,-263,10625,808,13120,-7573,-44,-367,-16,0,29768,2427,-379,-4,-27,-136,764,-11241,723,-10360,17,-691,12,-149,59151,12513,-9498,8380,2717,78,-138,-731,90852,-1605,-876,-29453,2706,-37835,-21718,-211,-1156,-107,-3,84507,7018,-1154,-17,-109,-492,2481,-31687,170,-3836,438105
3528601,Manduri,3689,0,-24,3689,9844,0,25,3674,4,0,0,0,0,3240,321,-14,100,0,0,0,0,3225,321,14,100,0,0,0,0,4,0,0,0,0,0,0,0,0,0,0,0,0,0,0,0,3685,0,0,3215,53,122,-242,0,-43,0,0,3429,66,-136,-10,0,-32,17,-421,17,-421,0,0,0,0,8600,915,-46,274,0,0,0,0,9837,-5,0,-8516,146,-361,-679,0,-130,0,0,9148,196,-362,-29,-3,-98,66,-1173,0,-120,55171
3528700,Marabá Paulista,1381,0,0,1381,3496,-17,0,1365,0,0,15,0,0,825,443,-55,40,0,0,5,-7,810,442,55,40,0,0,5,-7,0,0,0,0,0,0,0,0,0,0,0,0,0,0,0,0,1342,-15,-22,709,0,33,-619,-4,0,-3,0,730,8,-523,-65,0,-44,103,-451,103,-450,0,0,0,0,2005,1189,-145,123,0,0,-15,-12,3408,-38,-49,-1732,8,-93,-1638,-15,0,-5,0,1776,35,-1407,-155,0,-121,270,-1218,25,-154,13091
3528809,Maracaí,4828,0,0,4828,12651,0,19,4822,0,0,0,0,0,4278,449,-63,18,0,0,0,0,4272,449,63,18,0,0,0,0,0,0,0,0,0,0,0,0,0,0,0,0,0,0,0,0,4824,0,0,4247,8,143,-388,0,-3,-3,0,4430,113,-221,0,0,-41,73,-459,73,-459,0,0,0,0,11195,1228,-159,66,0,0,0,0,12639,-5,-6,-11127,58,-383,-1050,-4,-5,-8,0,11635,335,-565,-4,0,-96,235,-1216,20,-113,71639
3528858,Marapoama,1238,0,0,1238,3292,0,0,1237,0,0,0,0,0,1110,122,-3,0,0,0,0,0,1109,122,3,0,0,0,0,0,0,0,0,0,0,0,0,0,0,0,0,0,0,0,0,0,1238,0,0,1112,0,18,-105,0,0,0,0,1163,0,-35,-4,0,-29,12,-115,12,-115,0,0,0,0,2937,340,-12,0,0,0,0,0,3292,0,0,-2956,0,-45,-288,0,0,0,0,3099,3,-94,-20,-3,-71,41,-314,0,-36,18493
3528908,Mariápolis,1382,0,0,1382,3511,0,0,1382,0,0,0,0,0,1218,154,0,0,0,0,0,0,1218,154,0,0,0,0,0,0,0,0,0,0,0,0,0,0,0,0,0,0,0,0,0,0,1379,0,0,1196,0,29,-145,0,0,0,0,1340,12,-17,0,0,0,0,-157,0,-157,0,0,0,0,3097,396,-5,6,0,0,0,0,3508,0,0,-3050,6,-97,-353,0,0,0,0,3415,28,-48,-12,0,0,4,-402,0,-33,20341
3529005,Marília,88375,-3,-1401,88375,235826,-59,1409,73434,3240,11520,41,0,-15,86291,1787,-72,53,0,0,4,-10,71929,1229,66,52,0,0,4,-10,3018,208,4,0,0,0,0,0,11164,348,0,0,0,0,0,0,88262,-32,0,85550,620,863,-506,-131,-419,-97,0,84459,3304,-360,-23,-44,-40,873,-1074,348,-1034,176,-38,348,0,230307,4897,-218,182,6,8,-27,-83,235588,-160,-22,-227924,1760,-2579,-1420,-472,-1227,-334,-9,226534,7855,-975,-90,-152,-141,2439,-2995,245,-264,1408541
3529104,Marinópolis,717,0,0,717,1860,0,0,717,0,0,0,0,0,584,128,-5,0,0,0,0,0,584,128,5,0,0,0,0,0,0,0,0,0,0,0,0,0,0,0,0,0,0,0,0,0,716,0,0,584,0,13,-118,0,0,0,0,598,67,-33,-9,0,-8,6,-127,6,-127,0,0,0,0,1500,348,-12,0,0,0,0,0,1857,-3,0,-1500,0,-41,-319,0,0,0,0,1541,181,-90,-20,0,-26,21,-339,0,-29,10072
3529203,Martinópolis,8845,0,-1294,8845,23581,0,1294,8818,0,16,0,0,0,7945,850,-18,8,0,0,0,0,7923,845,18,8,0,0,0,0,0,0,0,0,0,0,0,0,16,0,0,0,0,0,0,0,8827,-7,0,7727,46,386,-657,0,0,0,0,8222,77,-412,-44,0,-46,451,-434,448,-432,0,0,0,0,21113,2369,-54,25,0,0,0,-4,23543,-29,0,-20562,147,-1029,-1818,-9,0,0,0,21857,233,-1204,-122,-4,-146,1299,-1162,151,-130,136316
3529302,Matão,28817,0,-62,28817,78930,-14,62,27529,91,965,180,0,0,28256,499,-22,10,0,0,0,0,27048,424,18,10,0,0,0,0,74,13,3,0,0,0,0,0,905,60,0,0,0,0,0,0,28581,-208,-12,28291,256,184,-18,0,-17,-3,0,28315,429,-59,0,0,0,318,-218,242,-216,16,0,60,0,77373,1408,-76,43,0,0,-3,-10,78273,-605,-40,-77488,747,-522,-74,0,-55,-14,0,77603,1135,-173,0,-5,-7,928,-613,101,-45,466435
3529401,Mauá,152616,-57,-297,152616,417259,-188,320,133063,359,18511,181,0,-307,150881,301,-63,64,67,-6,50,-975,131449,244,63,64,67,-6,47,-933,359,0,0,0,0,0,0,0,18437,57,0,0,0,0,0,0,151507,-390,-532,141351,783,997,-822,-676,-6605,-762,-3,145155,6423,-64,0,-440,-280,425,-1126,361,-1086,0,0,57,0,412578,846,-221,265,231,38,-212,-2765,414394,-1214,-1556,-384897,2621,-3031,-2495,-2041,-19344,-2478,-31,395484,19174,-211,-7,-1324,-923,1415,-3171,176,-479,2429338
3529500,Mendonça,2309,0,0,2309,6147,0,0,2286,23,0,0,0,0,2031,245,-24,0,0,0,0,0,2015,237,24,0,0,0,0,0,15,7,0,0,0,0,0,0,0,0,0,0,0,0,0,0,2303,0,0,1989,167,97,-34,0,0,0,0,2219,14,-52,-8,0,-9,217,-51,216,-46,0,-5,0,0,5387,695,-62,0,0,0,0,0,6135,-8,0,-5302,456,-285,-92,0,0,0,0,5898,43,-162,-15,-3,-25,603,-156,61,-14,37795
3529609,Meridiano,1726,0,0,1726,4572,0,0,1726,0,0,0,0,0,1408,298,-9,0,0,0,0,0,1408,298,9,0,0,0,0,0,0,0,0,0,0,0,0,0,0,0,0,0,0,0,0,0,1722,0,0,1390,8,25,-287,-3,0,0,0,1467,164,-74,-16,0,-5,13,-296,13,-296,0,0,0,0,3726,811,-28,0,0,0,0,0,4567,0,0,-3685,25,-80,-760,-8,0,-8,0,3881,437,-199,-43,0,-12,33,-808,0,-72,24764
3529658,Mesópolis,743,0,0,743,1951,0,0,743,0,0,0,0,0,618,100,-20,0,0,0,0,0,618,100,20,0,0,0,0,0,0,0,0,0,0,0,0,0,0,0,0,0,0,0,0,0,742,0,0,613,8,32,-87,0,0,0,0,648,4,-87,0,0,-3,34,-85,34,-85,0,0,0,0,1648,249,-47,0,0,0,0,-4,1947,0,-4,-1642,23,-66,-216,0,0,0,0,1719,9,-216,0,0,-5,82,-215,5,-9,10642
3529708,Miguelópolis,7131,0,-31,7131,19372,0,31,7063,36,20,0,0,0,6215,708,-148,0,0,0,0,-18,6188,667,145,0,0,0,0,-18,11,17,3,0,0,0,0,0,6,14,0,0,0,0,0,0,6995,-22,-93,6600,95,200,-165,-9,0,-16,0,6795,64,-183,0,-29,-22,268,-613,261,-581,0,-20,7,-7,16688,2142,-453,19,0,0,0,-48,18994,-78,-290,-17905,316,-540,-499,-24,-3,-46,-3,18417,188,-535,-12,-102,-104,868,-1808,105,-239,109116
3529807,Mineiros do Tietê,4138,0,-30,4138,11200,0,30,4099,38,0,0,0,0,3965,97,0,69,0,0,0,0,3960,63,0,69,0,0,0,0,4,34,0,0,0,0,0,0,0,0,0,0,0,0,0,0,4137,0,0,3932,0,124,-69,0,0,0,0,4003,80,-51,0,0,0,38,-131,4,-131,34,0,0,0,10731,255,0,207,0,0,0,0,11199,0,0,-10657,14,-375,-141,-4,-5,0,0,10814,221,-157,-6,0,0,81,-383,3,-41,65600
3529906,Miracatu,6839,0,-39,6839,18491,-6,43,6679,28,113,7,0,0,4251,386,-319,1815,0,0,7,-3,4096,385,318,1812,0,0,7,-3,25,0,0,0,0,0,0,0,113,0,0,0,0,0,0,0,6632,-47,-120,3854,90,1481,-950,-243,-77,-22,0,5171,760,-827,-8,-4,-12,65,-2486,65,-2481,0,0,0,0,11391,1079,-912,5025,0,0,-34,-13,17952,-182,-329,-10352,294,-4055,-2678,-713,-271,-67,-6,13932,2090,-2322,-31,-15,-76,253,-6826,26,-1006,84879
3530003,Mira Estrela,1239,0,0,1239,3116,0,0,1236,0,0,0,0,0,926,295,-4,0,0,0,0,0,926,292,4,0,0,0,0,0,0,0,0,0,0,0,0,0,0,0,0,0,0,0,0,0,1239,0,0,928,15,85,-195,0,0,0,0,1089,48,-72,-9,0,-14,111,-188,110,-188,0,0,0,0,2294,791,-20,6,0,0,0,0,3116,0,0,-2295,64,-224,-524,-3,0,0,0,2693,132,-216,-22,-9,-41,318,-495,37,-21,17809
3530102,Mirandópolis,9107,-11,-1832,9107,23580,-40,1834,9010,41,41,0,0,0,7795,1207,-48,0,0,0,0,0,7699,1206,48,0,0,0,0,0,41,0,0,0,0,0,0,0,41,0,0,0,0,0,0,0,9053,-39,0,7315,192,521,-1017,0,-3,0,0,8236,336,-428,-49,0,-19,204,-1064,204,-1063,0,0,0,0,20109,3278,-153,0,0,0,0,-5,23467,-97,0,-18913,508,-1417,-2696,0,-11,-5,-5,21307,870,-1163,-143,-7,-59,624,-2822,52,-278,133646
3530201,Mirante do Paranapanema,6122,-15,-23,6122,15844,-45,26,6111,0,7,0,0,0,3893,1866,-311,22,0,0,0,-4,3884,1864,311,22,0,0,0,-4,0,0,0,0,0,0,0,0,7,0,0,0,0,0,0,0,6099,-11,0,3504,41,540,-1991,0,0,0,0,3897,108,-1807,-130,-7,-145,253,-1954,253,-1952,0,0,0,0,9749,5168,-809,97,0,0,0,-13,15790,-34,-10,-8790,150,-1517,-5315,-21,0,-28,0,9763,288,-4992,-358,-35,-389,667,-5411,69,-589,65827
3530300,Mirassol,23207,-4,-105,23207,63200,-6,105,20669,1141,1362,4,0,0,22376,776,-13,0,0,0,0,0,19935,688,6,0,0,0,0,0,1078,60,0,0,0,0,0,0,1333,19,-7,0,0,0,0,0,23194,0,0,22294,22,799,-43,0,0,0,0,22576,411,-168,-18,0,-13,140,-655,69,-630,43,-16,24,-3,60929,2195,-47,0,0,3,0,0,63168,-21,0,-60692,101,-2242,-143,0,0,-7,0,61654,983,-466,-47,0,-36,386,-1860,39,-174,370780
3530409,Mirassolândia,1721,0,0,1721,4664,-5,0,1719,0,0,0,0,0,1499,217,0,0,0,0,0,0,1498,216,0,0,0,0,0,0,0,0,0,0,0,0,0,0,0,0,0,0,0,0,0,0,1564,-155,0,1180,0,308,-226,0,0,0,0,1542,14,-157,0,0,0,19,-198,19,-197,0,0,0,0,4014,640,-8,0,0,0,0,0,4197,-462,-3,-3157,3,-847,-653,0,0,0,0,4155,54,-447,0,-3,0,86,-564,9,-65,23912
3530508,Mococa,24693,0,-111,24693,67275,-8,138,23910,165,590,7,0,0,22973,1128,-222,298,0,0,9,-3,22221,1097,222,298,0,0,9,-3,135,30,0,0,0,0,0,0,590,0,0,0,0,0,0,0,24655,-7,-15,22663,330,506,-1048,-34,-20,-3,0,23412,699,-395,-47,0,-94,316,-1362,315,-1332,0,-30,0,0,62533,3163,-605,879,10,8,-29,-13,67174,-43,-52,-61558,991,-1428,-3063,-98,-75,-21,0,63750,1850,-1193,-177,-6,-274,904,-3814,95,-438,387113
3530607,Mogi das Cruzes,158668,-22,-357,158668,450620,-120,425,113871,8965,35276,205,0,-10,143783,6682,-5989,1008,47,-3,21,-624,100485,5410,5911,1006,47,-3,21,-496,8053,728,41,0,0,0,0,-108,34741,513,0,0,0,0,0,0,156187,-473,-1711,127707,1172,14881,-9251,-667,-3587,-481,-7,148862,7928,-1086,-181,-3,-208,1617,-12917,749,-12298,347,-535,497,-15,406596,20516,-17808,2989,167,22,-96,-2198,443732,-1690,-5048,-358106,4029,-44999,-27754,-2364,-11307,-1679,-50,423460,22171,-3389,-513,-97,-823,5102,-38772,577,-5383,2451275
3530706,Mogi Guaçu,54715,-3,-319,54715,152609,-26,319,49917,1168,3467,73,0,0,53197,1010,-232,199,0,0,0,0,48468,949,232,198,0,0,0,0,1110,56,0,0,0,0,0,0,3467,0,0,0,0,0,0,0,54650,-16,-8,52456,214,1023,-910,0,-26,0,0,52808,1527,-274,-11,0,-8,454,-1005,437,-959,16,-36,0,0,148228,3040,-724,555,7,3,0,-11,152458,-97,-23,-145960,780,-3150,-2587,-17,-68,-7,-4,147318,4302,-856,-43,-17,-40,1347,-3003,116,-346,886822
3530805,Mogi Mirim,33775,-3,-202,33775,91894,-11,247,29242,785,3688,3,0,-3,32023,1099,-431,163,0,0,0,0,27574,1023,426,161,0,0,0,0,710,66,0,0,0,0,0,0,3688,0,0,0,0,0,0,0,33720,-16,0,31082,192,870,-1509,0,-25,-3,0,32119,918,-548,-16,-7,-101,208,-1476,171,-1432,30,-41,0,0,86772,3366,-1229,487,0,0,0,-8,91744,-103,-23,-84052,650,-2558,-4474,-13,-90,-28,0,87375,2428,-1646,-74,-32,-314,707,-4394,54,-545,527828
3530904,Mombuca,1232,0,0,1232,3722,0,0,1232,0,0,0,0,0,1062,118,-28,13,0,0,3,0,1062,118,28,13,0,0,3,0,0,0,0,0,0,0,0,0,0,0,0,0,0,0,0,0,1224,-7,0,1029,16,76,-90,-6,0,0,0,1174,33,-20,0,0,0,3,-157,3,-157,0,0,0,0,3239,357,-68,50,0,0,-7,0,3711,-10,0,-3151,48,-222,-273,-22,0,0,0,3563,92,-61,-4,0,0,30,-453,0,-50,19700
3531001,Monções,798,0,0,798,1936,0,0,798,0,0,0,0,0,728,67,0,0,0,0,0,0,728,67,0,0,0,0,0,0,0,0,0,0,0,0,0,0,0,0,0,0,0,0,0,0,798,0,0,730,0,3,-60,0,0,0,0,758,5,-14,-4,-12,-3,20,-43,20,-43,0,0,0,0,1758,174,0,0,0,0,0,0,1936,0,0,-1770,0,-10,-150,0,0,0,0,1841,14,-36,-11,-27,-4,51,-122,0,-10,11709
3531100,Mongaguá,21564,-12,-2726,21564,59144,-41,2726,19439,197,1834,16,0,-12,20527,234,-47,238,0,0,0,-442,18423,226,47,237,0,0,0,-434,197,0,0,0,0,0,0,0,1823,8,0,0,0,0,0,0,21078,-84,-355,18347,190,1968,-699,-175,-4,-12,0,20408,897,-171,-5,-3,-29,214,-767,211,-753,0,0,0,-8,56266,634,-137,697,0,13,-13,-1334,57926,-286,-910,-49707,685,-5814,-2126,-618,-48,-66,-9,55914,2589,-475,-12,-32,-97,673,-2167,105,-371,336258
3531209,Monte Alegre do Sul,3237,0,-4,3237,8603,0,4,2941,271,12,0,0,0,2270,287,-122,522,0,0,0,-3,2047,262,118,479,0,0,0,-3,199,23,0,36,0,0,0,0,11,0,0,0,0,0,0,0,3164,-60,-6,1775,47,672,-457,-6,-242,-7,0,2800,340,-41,0,0,-33,63,-886,55,-820,0,-63,0,0,6019,790,-342,1411,3,0,-6,-17,8416,-171,-12,-4714,153,-1795,-1217,-31,-659,-26,0,7414,943,-125,-3,0,-101,192,-2382,12,-258,44216
3531308,Monte Alto,18050,0,-142,18050,47417,-4,147,17561,106,359,0,0,0,17379,608,-23,3,0,0,0,0,16934,565,22,3,0,0,0,0,64,41,0,0,0,0,0,0,359,0,0,0,0,0,0,0,17949,-90,0,17412,18,448,-99,-24,0,-3,0,17371,144,-405,-5,-3,-79,62,-575,45,-545,13,-28,0,0,45584,1710,-75,18,0,4,-4,-3,47156,-252,-3,-45661,81,-1244,-325,-64,-5,-14,0,45569,394,-1163,-14,-6,-248,186,-1625,8,-135,278974
3531407,Monte Aprazível,8641,0,-47,8641,22220,0,54,8616,0,3,5,0,0,7975,582,-42,9,0,0,0,-3,7957,575,42,9,0,0,0,-3,0,0,0,0,0,0,0,0,3,0,0,0,0,0,0,0,8501,-7,-129,7897,130,249,-336,0,0,0,0,8139,185,-269,0,0,-16,169,-454,166,-449,0,0,0,0,20407,1609,-120,53,0,0,0,-16,21853,-18,-346,-20236,400,-653,-906,-3,0,-8,0,20829,529,-771,-13,-4,-56,523,-1272,34,-116,130712
3531506,Monte Azul Paulista,6767,0,-24,6767,18120,0,24,6710,13,31,7,0,0,6345,389,0,13,0,0,0,0,6291,385,0,13,0,0,0,0,13,0,0,0,0,0,0,0,28,3,0,0,0,0,0,0,6760,0,0,6398,17,67,-240,-5,-8,0,0,6444,172,-125,0,0,0,196,-205,192,-205,0,0,3,0,16888,1177,-4,43,0,0,0,0,18103,-8,-5,-17041,67,-210,-700,-43,-46,-3,0,17192,510,-375,-17,0,-14,588,-639,61,-63,106817
3531605,Monte Castelo,1626,0,0,1626,4219,0,0,1625,0,0,0,0,0,1364,254,-4,0,0,0,0,0,1363,254,4,0,0,0,0,0,0,0,0,0,0,0,0,0,0,0,0,0,0,0,0,0,1624,0,0,1366,0,249,0,0,0,0,0,1377,145,-82,-11,0,0,14,-240,14,-240,0,0,0,0,3554,647,-16,0,0,0,0,0,4215,-3,0,-3558,6,-642,-9,0,0,0,0,3595,359,-219,-39,0,0,38,-622,0,-49,23804
3531704,Monteiro Lobato,1568,0,-17,1568,4121,0,17,1557,9,0,0,0,0,739,47,-38,715,0,0,0,-4,738,47,38,705,0,0,0,-4,0,0,0,9,0,0,0,0,0,0,0,0,0,0,0,0,1555,0,0,619,0,562,-315,0,-27,-12,0,834,676,-49,0,0,0,7,-803,7,-793,0,-9,0,0,1973,144,-87,1888,0,0,-3,-16,4082,-21,-13,-1684,19,-1453,-827,-4,-82,-31,0,2240,1742,-129,0,0,-3,44,-2098,0,-271,19477
3531803,Monte Mor,22385,-19,-14,22385,64586,-58,14,20785,173,1393,7,0,0,20550,1344,-346,61,0,0,0,-14,19006,1293,345,61,0,0,0,-14,141,30,0,0,0,0,0,0,1374,18,0,0,0,0,0,0,22088,-213,-64,19154,136,1938,-976,-64,-9,-14,0,20892,1186,-127,-15,0,-124,361,-1423,344,-1390,0,-29,16,0,59121,4105,-1044,203,7,0,0,-82,63643,-690,-236,-54908,491,-5835,-2950,-253,-43,-78,0,60200,3519,-397,-57,-3,-392,1125,-4321,138,-595,357821
3531902,Morro Agudo,10011,0,-54,10011,27839,0,70,9997,8,0,0,0,0,9021,908,-9,47,0,0,0,0,9007,908,9,47,0,0,0,0,8,0,0,0,0,0,0,0,0,0,0,0,0,0,0,0,10001,-3,0,9583,8,311,-54,0,-3,0,0,9602,95,-266,0,-9,0,707,-253,707,-253,0,0,0,0,25010,2635,-30,153,0,0,-3,0,27815,-20,0,-26600,60,-896,-212,0,-41,-3,0,26683,325,-775,-8,-16,-9,2041,-778,206,-89,163449
3532009,Morungaba,4771,0,-49,4771,13549,-7,145,4622,41,101,0,0,0,4052,460,-130,105,0,0,6,0,3919,448,127,103,0,0,6,0,25,8,3,0,0,0,0,0,101,0,0,0,0,0,0,0,4681,-84,-3,3964,74,275,-397,0,-21,0,0,4332,368,-43,-3,-9,-3,131,-570,127,-556,0,-8,0,0,11451,1382,-367,318,7,0,-18,0,13281,-257,-9,-11162,216,-836,-1232,-5,-73,-14,0,12266,1096,-122,-19,-33,-9,411,-1684,48,-207,73861
3532058,Motuca,1412,0,0,1412,4034,0,0,1383,3,0,25,0,0,1159,222,-26,4,0,0,0,0,1130,222,26,4,0,0,0,0,3,0,0,0,0,0,0,0,0,0,0,0,0,0,0,0,1390,-19,0,1044,6,99,-256,0,0,0,0,1273,58,-71,-3,0,0,75,-173,75,-173,0,0,0,0,3317,631,-72,14,0,0,0,0,3967,-64,-3,-2967,24,-300,-732,0,0,-4,0,3648,163,-206,-10,0,0,220,-495,24,-51,21442
3532108,Murutinga do Sul,1480,0,-14,1480,3712,-11,14,1479,0,0,0,0,0,1102,348,-20,0,0,0,0,0,1101,348,20,0,0,0,0,0,0,0,0,0,0,0,0,0,0,0,0,0,0,0,0,0,1478,0,0,1120,17,108,-223,0,0,0,0,1167,4,-219,-13,-4,-60,55,-320,55,-320,0,0,0,0,2725,919,-60,0,5,0,0,-3,3706,0,-5,-2767,59,-274,-595,-4,0,-3,0,2905,28,-577,-47,-6,-149,142,-839,14,-61,18997
3532157,Nantes,1027,0,0,1027,2660,0,0,895,131,0,0,0,0,942,64,0,16,0,0,0,0,810,64,0,16,0,0,0,0,131,0,0,0,0,0,0,0,0,0,0,0,0,0,0,0,1026,0,0,933,43,12,-29,0,0,-6,0,983,11,-23,0,0,0,49,-34,49,-34,0,0,0,0,2447,159,-4,50,0,0,0,0,2659,0,0,-2421,94,-37,-92,0,0,-16,0,2544,27,-70,-6,0,-4,110,-103,12,-17,16095
3532207,Narandiba,2060,0,-3,2060,5702,0,3,2058,0,0,0,0,0,1845,177,-17,15,0,0,0,0,1843,177,17,15,0,0,0,0,0,0,0,0,0,0,0,0,0,0,0,0,0,0,0,0,2052,0,-3,1831,0,97,-121,0,0,0,0,1924,10,-99,0,-15,-4,3,-206,3,-206,0,0,0,0,5135,471,-42,47,0,0,0,-5,5679,-3,-16,-5099,3,-285,-302,-4,0,-6,0,5371,31,-251,0,-36,-6,12,-553,0,-58,31301
3532306,Natividade da Serra,2838,0,-8,2838,6989,0,8,2836,0,0,0,0,0,1407,117,-72,1218,0,0,3,0,1407,117,72,1216,0,0,3,0,0,0,0,0,0,0,0,0,0,0,0,0,0,0,0,0,2825,0,0,1194,6,586,-804,-71,-142,-8,0,1315,1277,-225,0,0,-4,37,-1379,37,-1377,0,0,0,0,3500,308,-188,2972,0,0,-11,0,6959,-20,0,-3005,26,-1356,-2019,-192,-358,-19,0,3294,3129,-525,-11,0,-24,122,-3361,17,-378,33116
3532405,Nazaré Paulista,6718,0,-29,6718,18170,-3,29,6656,27,13,0,0,-4,3569,806,-1090,1134,0,-5,3,-5,3521,804,1080,1131,0,-4,3,-5,23,0,3,0,0,0,0,0,13,0,0,0,0,0,0,0,6202,-456,-3,1314,86,2777,-2389,0,-58,-9,0,4177,2154,-301,0,0,-20,213,-2892,207,-2880,0,0,0,0,9705,2356,-2968,2991,14,18,-28,-40,16866,-1233,-40,-3521,309,-7503,-6567,-39,-158,-29,0,11374,5845,-830,-10,0,-75,637,-7800,47,-904,75815
3532504,Neves Paulista,3718,0,-36,3718,9662,0,36,3705,0,11,0,0,0,3300,404,0,0,0,0,0,0,3288,403,0,0,0,0,0,0,0,0,0,0,0,0,0,0,11,0,0,0,0,0,0,0,3715,0,0,3190,0,387,-130,0,0,0,0,3524,22,-160,-4,0,-3,4,-407,4,-406,0,0,0,0,8500,1141,-11,7,0,0,0,0,9656,-5,0,-8232,4,-1076,-339,0,-5,0,0,9113,70,-451,-14,0,-12,14,-1143,0,-122,55051
3532603,Nhandeara,4013,0,-30,4013,9751,0,30,4000,10,0,0,0,0,3372,552,-75,0,0,0,0,0,3366,545,75,0,0,0,0,0,3,6,0,0,0,0,0,0,0,0,0,0,0,0,0,0,4002,-5,0,3396,29,290,-277,0,0,0,0,3584,153,-225,0,-6,-34,20,-608,20,-601,0,-6,0,0,8005,1542,-188,9,0,0,0,0,9714,-36,0,-8088,93,-795,-757,0,0,0,0,8577,413,-638,-11,-14,-91,82,-1658,3,-195,55330
3532702,Nipoã,1761,0,0,1761,4748,0,0,1743,0,9,9,0,0,1568,185,0,3,0,0,0,0,1550,185,0,3,0,0,0,0,0,0,0,0,0,0,0,0,9,0,0,0,0,0,0,0,1756,-3,0,1593,10,7,-138,0,-4,0,0,1653,26,-48,0,-23,-6,61,-127,61,-127,0,0,0,0,4228,503,-6,8,0,0,0,0,4734,-14,0,-4288,31,-36,-382,0,-7,0,-4,4452,71,-125,-8,-70,-21,165,-355,19,-38,27082
3532801,Nova Aliança,2501,0,0,2501,6690,-3,0,2492,0,0,0,0,-7,2239,256,0,0,0,0,0,0,2230,256,0,0,0,0,0,0,0,0,0,0,0,0,0,0,0,0,0,0,0,0,0,0,2499,0,0,2242,11,143,-98,0,0,0,0,2360,30,-77,0,0,-30,10,-246,10,-246,0,0,0,0,5954,724,0,6,0,0,0,0,6687,0,0,-5968,34,-408,-275,0,0,0,0,6281,87,-228,-5,-3,-84,37,-696,0,-78,37828
3532827,Nova Campina,2919,0,-5,2919,8489,0,5,2916,3,0,0,0,0,2112,182,-74,501,5,0,18,0,2109,182,74,501,5,0,18,0,3,0,0,0,0,0,0,0,0,0,0,0,0,0,0,0,2888,-15,0,1472,233,316,-802,-8,-65,0,0,2652,118,-126,-7,0,0,171,-630,171,-630,0,0,0,0,6190,539,-244,1419,16,0,-64,-10,8419,-50,-10,-4352,709,-913,-2285,-27,-197,0,0,7736,352,-363,-30,-5,0,466,-1832,69,-245,43908
3532843,Nova Canaã Paulista,819,0,0,819,2028,-4,0,819,0,0,0,0,0,546,199,-71,0,0,0,0,0,546,199,71,0,0,0,0,0,0,0,0,0,0,0,0,0,0,0,0,0,0,0,0,0,818,0,0,539,0,20,-247,0,0,0,0,594,112,-98,-7,0,-3,267,0,267,0,0,0,0,0,1371,475,-182,0,0,0,0,0,2027,0,0,-1358,0,-54,-608,0,0,0,0,1496,269,-226,-26,0,-9,646,-11,34,0,12077
3532868,Nova Castilho,398,0,0,398,1062,0,0,398,0,0,0,0,0,297,97,0,0,0,0,0,0,297,97,0,0,0,0,0,0,0,0,0,0,0,0,0,0,0,0,0,0,0,0,0,0,397,0,0,298,0,15,-80,0,0,0,0,330,37,-25,-3,0,0,0,-99,0,-99,0,0,0,0,788,265,-3,0,0,0,0,0,1061,0,0,-789,0,-57,-211,0,0,-3,0,867,104,-72,-14,0,-3,0,-270,0,-35,5443
3532900,Nova Europa,3373,0,-7,3373,9299,0,12,3371,0,0,0,0,0,3247,100,-14,10,0,0,0,0,3245,100,14,10,0,0,0,0,0,0,0,0,0,0,0,0,0,0,0,0,0,0,0,0,3370,-3,0,3239,0,93,-34,0,0,0,0,3313,11,-30,-4,0,-12,13,-112,13,-112,0,0,0,0,8964,266,-39,28,0,0,0,0,9291,-8,0,-8960,4,-248,-77,0,-8,0,0,9138,31,-80,-15,0,-35,42,-291,0,-29,53852
3533007,Nova Granada,7284,0,-24,7284,19387,0,30,6993,221,56,6,0,0,6665,546,-30,0,0,0,0,0,6378,541,30,0,0,0,0,0,221,0,0,0,0,0,0,0,55,0,0,0,0,0,0,0,7272,0,-3,6682,27,190,-349,0,0,0,0,6771,219,-246,-3,0,-14,22,-556,22,-554,0,0,0,0,17639,1624,-102,0,0,0,0,0,19361,-15,-7,-17705,113,-567,-984,0,0,0,-3,17941,649,-695,-19,-3,-66,121,-1607,0,-206,110592
3533106,Nova Guataporanga,867,0,0,867,2153,-3,0,867,0,0,0,0,0,784,77,0,0,0,0,0,0,784,77,0,0,0,0,0,0,0,0,0,0,0,0,0,0,0,0,0,0,0,0,0,0,866,0,0,780,8,68,-3,0,0,0,0,795,50,-18,0,0,0,0,-76,0,-76,0,0,0,0,1961,188,-4,0,0,0,0,0,2152,0,0,-1947,22,-166,-12,0,0,-6,0,1975,127,-42,-4,0,-3,6,-184,0,-13,12917
3533205,Nova Independência,1471,-6,0,1471,4020,-15,0,1469,0,0,0,0,0,1297,167,0,0,0,0,0,0,1295,167,0,0,0,0,0,0,0,0,0,0,0,0,0,0,0,0,0,0,0,0,0,0,1464,0,-3,1294,34,0,-140,0,0,0,0,1303,71,-72,-7,0,-17,0,-172,0,-172,0,0,0,0,3524,485,-3,0,7,0,0,0,3999,-9,-10,-3522,93,0,-401,0,0,0,0,3549,198,-197,-21,0,-53,0,-496,0,-67,21995
3533254,Novais,1593,0,0,1593,4412,0,0,1584,9,0,0,0,0,1488,102,0,0,0,0,0,0,1479,102,0,0,0,0,0,0,9,0,0,0,0,0,0,0,0,0,0,0,0,0,0,0,1593,0,0,1488,3,22,-77,0,0,0,0,1516,0,-52,0,0,-17,0,-102,0,-102,0,0,0,0,4149,261,0,0,0,0,0,0,4412,0,0,-4149,6,-57,-200,0,0,0,0,4217,11,-131,0,-5,-43,0,-262,0,-19,24833
3533304,Nova Luzitânia,1122,0,0,1122,2836,0,0,1122,0,0,0,0,0,1027,75,-20,0,0,0,0,0,1027,75,20,0,0,0,0,0,0,0,0,0,0,0,0,0,0,0,0,0,0,0,0,0,1121,0,0,1027,38,0,-53,0,0,0,0,1077,20,-23,0,0,0,6,-89,6,-89,0,0,0,0,2604,192,-40,0,0,0,0,0,2835,0,0,-2604,86,-3,-142,0,0,0,0,2725,60,-50,0,0,0,13,-219,0,-16,16888
3533403,Nova Odessa,22189,0,-72,22189,61886,-18,96,18856,356,2944,9,0,0,21770,311,-64,6,0,0,0,0,18534,223,63,6,0,0,0,0,356,0,0,0,0,0,0,0,2849,87,0,0,0,0,0,0,22130,-32,-5,21704,22,271,-147,0,0,0,0,21424,716,-9,0,0,-7,138,-246,50,-244,0,0,88,0,60752,879,-185,34,3,3,-6,0,61760,-83,-25,-60474,82,-815,-459,-6,-10,-18,0,59870,1917,-38,-6,-9,-29,392,-724,43,-65,361212
3533502,Novo Horizonte,14746,0,-16,14746,38235,-3,22,14660,41,34,0,0,0,13845,724,-118,18,0,0,0,0,13792,692,118,18,0,0,0,0,11,29,0,0,0,0,0,0,34,0,0,0,0,0,0,0,14736,0,0,13843,165,405,-305,0,0,0,0,13975,371,-281,-3,-8,-60,176,-692,176,-660,0,-29,0,0,35968,1858,-314,66,5,0,0,-3,38217,-6,-5,-35957,431,-1018,-806,-4,0,-10,0,36301,936,-749,-12,-29,-188,461,-1785,39,-125,226708
3533601,Nuporanga,2684,0,-24,2684,7356,-3,24,2684,0,0,0,0,0,2509,105,0,63,0,0,0,0,2509,105,0,63,0,0,0,0,0,0,0,0,0,0,0,0,0,0,0,0,0,0,0,0,2683,0,0,2509,0,69,-98,0,0,0,0,2502,128,-43,0,0,0,0,-169,0,-169,0,0,0,0,6885,289,-8,172,0,0,0,0,7353,-3,0,-6883,11,-196,-260,0,0,0,0,6883,362,-104,0,0,0,7,-462,0,-62,42155
3533700,Ocauçu,1622,0,0,1622,4325,-4,0,1614,8,0,0,0,0,1388,217,0,7,0,0,0,0,1380,217,0,7,0,0,0,0,8,0,0,0,0,0,0,0,0,0,0,0,0,0,0,0,1621,0,0,1392,166,10,-42,-4,0,0,0,1433,13,-167,0,0,0,183,-44,183,-44,0,0,0,0,3725,568,-6,23,0,0,0,0,4321,-4,0,-3726,424,-46,-116,-10,0,0,0,3822,59,-434,-3,0,-7,482,-118,64,-11,26118
3533809,Óleo,973,0,0,973,2512,0,0,973,0,0,0,0,0,778,112,0,77,0,0,0,0,778,112,0,77,0,0,0,0,0,0,0,0,0,0,0,0,0,0,0,0,0,0,0,0,973,0,0,671,11,0,-269,0,0,0,0,802,76,-70,0,0,-12,139,-51,139,-51,0,0,0,0,1985,305,-9,212,0,0,0,0,2512,0,0,-1736,38,-14,-703,0,-12,0,0,2058,209,-193,-9,0,-37,385,-140,44,-13,14605
3533908,Olímpia,20415,0,-22,20415,54973,0,25,19769,140,482,4,0,0,19506,804,-21,17,0,0,0,0,18947,719,21,17,0,0,0,0,138,0,0,0,0,0,0,0,399,82,0,0,0,0,0,0,20233,-157,0,19673,33,441,-199,0,-3,0,0,19825,151,-373,-3,-3,-15,226,-622,188,-574,0,0,33,-48,52547,2208,-85,67,5,0,-6,-24,54489,-454,-15,-52929,152,-1266,-565,-3,-6,-17,0,53334,464,-1058,-38,-14,-52,631,-1763,33,-194,321077
3534005,Onda Verde,1703,0,0,1703,4766,0,3,1697,4,0,0,0,0,1436,245,-12,0,0,0,0,0,1430,245,12,0,0,0,0,0,4,0,0,0,0,0,0,0,0,0,0,0,0,0,0,0,1703,0,0,1429,21,87,-159,0,0,0,0,1576,60,-55,0,0,-4,0,-262,0,-262,0,0,0,0,4033,681,-33,7,0,0,0,-9,4766,0,0,-4019,52,-231,-455,0,-5,0,0,4411,182,-149,-8,0,-13,10,-720,0,-75,25795
3534104,Oriente,2202,0,-19,2202,6060,0,25,2198,0,0,0,0,0,2058,121,0,14,3,0,0,0,2054,121,0,14,3,0,0,0,0,0,0,0,0,0,0,0,0,0,0,0,0,0,0,0,2192,0,-7,2059,0,75,-54,-3,0,0,0,2131,29,-35,0,0,0,4,-135,4,-135,0,0,0,0,5669,329,-11,36,10,0,0,0,6030,-7,-22,-5673,8,-205,-150,-12,0,-9,0,5872,85,-93,0,0,-5,14,-374,0,-36,34637
3534203,Orindiúva,2117,-3,-14,2117,5994,-9,19,2110,0,0,7,0,0,1946,122,-13,27,0,0,0,0,1939,122,13,27,0,0,0,0,0,0,0,0,0,0,0,0,0,0,0,0,0,0,0,0,2114,0,0,1959,12,21,-114,0,-3,0,0,1981,95,-33,-3,0,0,143,-15,143,-15,0,0,0,0,5497,372,-49,73,0,0,0,0,5985,-3,-5,-5534,38,-55,-343,0,-11,-3,0,5608,265,-105,-8,0,0,438,-50,54,-4,34966
3534302,Orlândia,13558,0,-36,13558,38253,-25,36,13107,370,60,6,0,0,13275,202,-3,44,13,0,0,0,12825,201,3,44,13,0,0,0,370,0,0,0,0,0,0,0,60,0,0,0,0,0,0,0,13542,-3,-8,13276,85,74,-67,0,-26,-15,0,10968,2398,-127,-7,-8,-21,139,-126,138,-126,0,0,0,0,37427,625,-13,135,33,0,0,-3,38224,-11,-12,-37425,261,-213,-209,0,-92,-42,0,31285,6435,-391,-28,-27,-73,443,-368,54,-52,221983
3534401,Osasco,261463,-414,-942,261463,725608,-1299,971,192522,1653,64776,1831,0,-169,260413,521,-7,12,0,0,9,-254,191828,225,7,12,0,0,9,-224,1652,0,0,0,0,0,0,0,64466,281,0,0,0,0,0,0,261104,-105,-40,239691,4990,2250,-1052,-623,-11070,-756,-3,235346,24621,-11,0,-794,-322,649,-169,350,-149,0,0,283,0,722657,1584,-83,96,3,4,-106,-925,724675,-687,-137,-661734,14903,-6698,-3097,-1945,-34201,-2491,-21,651440,70220,-84,-11,-2541,-1127,2207,-611,278,-96,4252075
3534500,Oscar Bressane,958,0,0,958,2465,0,0,945,13,0,0,0,0,803,120,0,25,0,0,0,0,803,107,0,25,0,0,0,0,0,13,0,0,0,0,0,0,0,0,0,0,0,0,0,0,955,0,0,797,0,101,-44,0,-3,0,0,843,78,-24,0,0,-5,0,-149,0,-136,0,-13,0,0,2054,335,0,69,0,0,0,-3,2462,0,0,-2042,0,-294,-104,-11,-7,0,0,2153,216,-59,-4,0,-26,8,-402,0,-37,13943
3534609,Osvaldo Cruz,11756,0,-117,11756,30012,0,125,11414,153,177,0,0,0,11316,372,-58,0,0,0,0,0,10974,372,58,0,0,0,0,0,153,0,0,0,0,0,0,0,177,0,0,0,0,0,0,0,11715,-35,0,11300,9,289,-143,0,0,0,0,11347,40,-218,-53,0,-75,79,-348,79,-348,0,0,0,0,28818,1025,-152,3,0,0,0,-5,29909,-92,-9,-28777,35,-800,-388,0,0,-5,0,28921,126,-597,-150,-8,-202,228,-954,8,-71,179141
3534708,Ourinhos,37999,0,-81,37999,103624,-21,83,35860,1145,924,7,0,0,37062,750,-61,47,0,0,0,-6,35181,496,55,47,0,0,0,-6,1099,40,0,0,0,0,0,0,713,211,0,0,0,0,0,0,37925,-25,0,37072,76,488,-216,0,-23,0,-3,37502,321,-95,0,0,-26,150,-714,69,-534,7,-32,69,-142,101175,2039,-179,146,0,7,-4,-27,103466,-99,-18,-100992,345,-1492,-646,-7,-53,-10,-10,102304,893,-302,-7,-4,-85,471,-1939,56,-194,609870
3534757,Ouroeste,4044,0,-9,4044,10279,-4,11,4013,0,23,0,0,0,3696,246,-79,3,0,0,6,0,3665,246,79,3,0,0,6,0,0,0,0,0,0,0,0,0,23,0,0,0,0,0,0,0,4035,0,-4,3688,10,196,-139,0,0,0,0,3747,148,-129,0,0,-10,28,-303,28,-303,0,0,0,0,9335,708,-204,12,0,0,-12,0,10254,-11,-10,-9318,49,-538,-371,0,0,0,0,9475,410,-357,-3,0,-31,103,-838,3,-80,59863
3534807,Ouro Verde,2929,0,0,2929,7779,0,0,2925,0,0,0,0,0,2769,150,0,0,0,0,0,0,2766,149,0,0,0,0,0,0,0,0,0,0,0,0,0,0,0,0,0,0,0,0,0,0,2927,0,0,2719,5,141,-49,0,0,0,0,2780,44,-72,-5,-8,-6,3,-149,3,-148,0,0,0,0,7358,406,-12,0,0,0,0,-3,7775,-3,0,-7254,31,-370,-118,0,0,0,0,7372,125,-212,-15,-38,-15,30,-391,0,-37,45210
3534906,Pacaembu,3828,0,-1331,3828,9765,0,1331,3803,18,5,0,0,0,3511,265,-38,0,0,0,0,0,3493,258,38,0,0,0,0,0,12,6,0,0,0,0,0,0,5,0,0,0,0,0,0,0,3825,0,0,3359,44,52,-349,0,0,0,0,3507,83,-180,-17,0,-15,64,-242,64,-236,0,-5,0,0,8950,691,-111,3,0,0,0,0,9758,-3,0,-8553,123,-148,-921,0,0,-8,0,8952,213,-481,-53,-3,-48,182,-631,8,-46,56625
3535002,Palestina,4452,0,-21,4452,11452,0,21,4447,0,0,0,0,0,3932,446,-37,11,0,0,0,0,3927,446,37,11,0,0,0,0,0,0,0,0,0,0,0,0,0,0,0,0,0,0,0,0,4444,0,-3,3854,153,38,-384,0,0,0,0,3973,136,-284,0,0,-31,266,-237,266,-237,0,0,0,0,10002,1291,-105,42,0,0,0,0,11442,0,-3,-9827,458,-119,-1033,0,0,0,0,10115,419,-772,-14,-7,-107,777,-666,72,-63,67432
3535101,Palmares Paulista,3430,0,0,3430,9625,-15,0,3422,0,0,0,0,0,3348,70,-3,0,0,0,0,0,3340,70,3,0,0,0,0,0,0,0,0,0,0,0,0,0,0,0,0,0,0,0,0,0,3426,-3,0,3360,5,5,-47,0,0,0,0,3374,10,-24,-7,0,-8,14,-55,14,-55,0,0,0,0,9380,223,-8,0,0,0,0,-8,9615,-10,0,-9405,24,-14,-160,0,-6,-9,0,9460,37,-76,-27,0,-22,56,-184,0,-26,55569
3535200,Palmeira d'Oeste,3535,0,-22,3535,8878,0,22,3533,0,0,0,0,0,2943,526,-48,0,0,0,0,0,2941,526,48,0,0,0,0,0,0,0,0,0,0,0,0,0,0,0,0,0,0,0,0,0,3526,0,-6,2933,38,89,-455,0,0,0,0,2990,154,-284,-21,-53,-12,45,-527,45,-527,0,0,0,0,7309,1418,-146,0,0,0,0,0,8853,0,-21,-7275,119,-234,-1236,0,0,0,0,7438,404,-787,-61,-142,-43,136,-1423,11,-97,48575
3535309,Palmital,7363,0,-28,7363,19565,0,28,7350,3,9,0,0,0,6980,295,-28,25,0,0,0,0,6967,295,28,25,0,0,0,0,3,0,0,0,0,0,0,0,9,0,0,0,0,0,0,0,7357,0,0,6988,11,144,-191,0,0,-5,0,7013,75,-190,-5,0,-50,31,-338,31,-338,0,0,0,0,18538,829,-86,72,0,7,-7,-14,19545,-7,-10,-18552,35,-422,-514,0,-10,-22,0,18596,237,-524,-29,-11,-158,104,-918,0,-77,113387
3535408,Panorama,5489,0,-10,5489,14938,-4,18,5364,7,98,6,0,0,5282,176,-24,0,0,0,0,0,5158,175,24,0,0,0,0,0,7,0,0,0,0,0,0,0,98,0,0,0,0,0,0,0,5481,0,0,5003,3,283,-177,0,0,0,0,5341,31,-84,-12,0,0,31,-167,30,-167,0,0,0,0,14372,507,-56,0,0,0,0,0,14921,-9,0,-13702,22,-729,-468,0,-3,0,0,14554,111,-217,-30,-10,0,95,-468,10,-50,86737
3535507,Paraguaçu Paulista,14823,0,-7,14823,39855,-6,17,14469,213,110,9,0,0,13720,885,-66,86,0,0,0,-23,13372,879,66,86,0,0,0,-23,210,0,0,0,0,0,0,0,110,0,0,0,0,0,0,0,14791,-12,-4,13681,168,479,-440,0,0,0,0,13983,181,-424,-12,-19,-154,36,-1032,36,-1026,0,0,0,0,36876,2492,-169,229,0,0,-5,-68,39770,-57,-19,-36760,435,-1358,-1259,0,-10,-4,0,37678,497,-1135,-39,-48,-426,118,-2846,13,-323,227422
3535606,Paraibuna,6622,-4,-26,6622,17602,-11,39,6416,133,59,0,0,-6,4126,674,-453,1289,0,0,0,0,3933,668,449,1286,0,0,0,0,126,4,0,0,0,0,0,0,59,0,0,0,0,0,0,0,6575,-3,-12,2557,64,1624,-1498,-50,-711,-8,0,4360,1921,-267,-3,0,-21,129,-2319,129,-2306,0,-7,0,0,11051,1787,-1255,3414,0,0,-31,-10,17503,-34,-43,-6816,218,-4251,-4055,-165,-2012,-34,0,11672,5153,-658,-20,-6,-56,415,-6109,47,-709,84757
3535705,Paraíso,2268,0,0,2268,6099,0,0,2267,0,0,0,0,0,1947,307,-6,0,0,0,0,0,1946,307,6,0,0,0,0,0,0,0,0,0,0,0,0,0,0,0,0,0,0,0,0,0,2268,0,0,1949,51,152,-105,-3,0,0,0,1969,186,-54,-5,-3,-48,30,-283,30,-283,0,0,0,0,5228,858,-11,0,0,0,0,0,6099,0,0,-5228,139,-408,-307,-12,0,0,0,5270,512,-153,-17,-21,-125,67,-798,0,-76,34277
3535804,Paranapanema,6841,0,-28,6841,19350,-8,28,6668,146,12,3,0,0,5576,717,-258,218,0,0,22,0,5434,687,258,218,0,0,22,0,117,25,0,0,0,0,0,0,12,0,0,0,0,0,0,0,6805,-5,-14,4707,160,474,-1446,-9,-4,-6,0,6121,301,-350,-20,0,-18,95,-1149,68,-1148,23,0,0,0,15798,2028,-783,618,4,7,-77,-19,19269,-21,-48,-13321,483,-1421,-4047,-33,-13,-12,0,17320,879,-987,-78,0,-69,287,-3258,32,-462,99562
3535903,Paranapuã,1527,0,0,1527,4013,-3,0,1523,4,0,0,0,0,1398,118,-4,0,0,0,0,0,1394,118,4,0,0,0,0,0,4,0,0,0,0,0,0,0,0,0,0,0,0,0,0,0,1525,0,0,1411,9,37,-69,0,0,0,0,1427,20,-68,0,-8,0,23,-100,23,-100,0,0,0,0,3668,335,-10,0,0,0,0,0,4010,0,0,-3697,23,-94,-197,0,0,0,0,3741,59,-178,-6,-25,0,70,-275,7,-24,23160
3536000,Parapuã,4102,0,-20,4102,10553,0,20,4089,4,0,0,0,-5,3589,463,-31,0,0,0,0,0,3576,463,31,0,0,0,0,0,4,0,0,0,0,0,0,0,0,0,0,0,0,0,0,0,4096,0,0,3576,56,243,-203,0,0,-3,0,3647,67,-239,-37,0,-85,114,-391,114,-391,0,0,0,0,9177,1263,-89,6,0,0,0,-14,10537,-13,0,-9147,167,-656,-553,0,0,-12,0,9353,177,-660,-128,0,-225,297,-1075,6,-115,59800
3536109,Pardinho,2499,0,-13,2499,7125,0,13,2459,27,0,4,0,-3,1877,417,-47,149,0,0,0,0,1837,417,47,149,0,0,0,0,27,0,0,0,0,0,0,0,0,0,0,0,0,0,0,0,2498,0,0,1797,112,279,-290,0,0,0,0,2234,208,-38,0,0,-8,304,-309,304,-309,0,0,0,0,5347,1197,-135,438,0,0,-4,0,7124,0,0,-5118,344,-798,-849,-3,0,0,0,6363,582,-125,-11,0,-33,865,-907,103,-91,40554
3536208,Pariquera-Açu,6868,0,-34,6868,19186,0,34,6664,156,31,0,0,0,5172,589,-954,96,0,0,4,-10,4970,589,953,96,0,0,4,-9,156,0,0,0,0,0,0,0,31,0,0,0,0,0,0,0,6800,-26,-22,4547,260,1148,-738,-79,-13,-6,-3,6059,574,-155,-9,-25,-11,30,-1651,30,-1649,0,0,0,0,14243,1822,-2691,346,3,4,-11,-38,18974,-118,-80,-12435,774,-3384,-2221,-237,-67,-26,-9,16915,1652,-423,-38,-88,-49,98,-4838,10,-651,93958
3536257,Parisi,1108,0,0,1108,2890,0,0,1107,0,0,0,0,0,975,118,-14,0,0,0,0,0,974,118,14,0,0,0,0,0,0,0,0,0,0,0,0,0,0,0,0,0,0,0,0,0,1107,0,0,972,0,16,-118,0,0,0,0,981,58,-59,0,0,-9,0,-132,0,-132,0,0,0,0,2515,335,-38,0,0,0,0,0,2888,0,0,-2504,0,-45,-341,0,0,0,0,2529,169,-167,0,0,-24,0,-373,0,-29,15997
3536307,Patrocínio Paulista,5023,0,-31,5023,14473,0,34,4941,49,17,5,0,0,4231,429,-39,314,0,0,0,0,4188,396,37,309,0,0,0,0,10,32,0,4,0,0,0,0,17,0,0,0,0,0,0,0,5016,0,0,4146,32,770,-46,0,-9,0,0,4298,347,-358,-4,0,0,181,-607,168,-579,12,-25,0,0,12230,1270,-109,852,0,0,-10,0,14455,-16,0,-11983,100,-2211,-133,-4,-31,0,-3,12419,961,-1065,-20,-4,0,497,-1745,64,-206,78112
3536406,Paulicéia,2930,-11,0,2930,7923,-31,0,2918,5,3,0,0,0,2605,291,-13,0,0,0,0,0,2598,286,13,0,0,0,0,0,0,5,0,0,0,0,0,0,3,0,0,0,0,0,0,0,2928,0,0,1322,108,723,-750,-3,0,0,0,2612,105,-143,-17,0,-32,40,-268,40,-263,0,-5,0,0,7165,692,-43,3,0,0,0,-3,7919,0,-3,-3730,273,-1894,-1993,-19,0,0,0,7136,231,-411,-53,0,-78,118,-629,11,-33,43511
3536505,Paulínia,37887,-27,-245,37887,110116,-95,267,29574,3173,5022,48,0,0,37587,83,-130,6,19,0,0,0,29316,56,127,6,18,0,0,0,3155,10,0,0,0,0,0,0,4997,15,0,0,0,0,0,0,37829,-13,-18,36616,41,335,-208,-13,-562,-14,0,32606,5215,-9,0,0,0,41,-214,16,-196,0,-13,18,0,109270,288,-393,42,62,3,0,-28,109960,-64,-76,-106598,206,-990,-611,-48,-1539,-79,-5,95586,14445,-58,0,0,-14,194,-631,25,-53,629223
3536570,Paulistânia,765,0,0,765,2087,0,0,762,0,0,0,0,0,526,203,0,24,0,0,0,0,524,203,0,24,0,0,0,0,0,0,0,0,0,0,0,0,0,0,0,0,0,0,0,0,761,0,0,515,3,145,-96,0,0,0,0,714,22,-25,-3,0,0,111,-117,111,-117,0,0,0,0,1429,580,-3,63,0,0,0,-5,2079,0,-5,-1403,9,-394,-271,-6,0,0,0,1943,56,-79,-8,0,0,325,-329,45,-30,11903
3536604,Paulo de Faria,2910,0,-20,2910,7158,0,24,2908,0,0,0,0,0,2650,176,-31,33,0,0,0,-3,2648,176,31,33,0,0,0,-3,0,0,0,0,0,0,0,0,0,0,0,0,0,0,0,0,2904,0,-3,2652,0,180,-60,0,0,0,0,2648,117,-119,-9,0,0,3,-242,3,-242,0,0,0,0,6468,510,-85,76,0,0,0,-8,7144,0,-11,-6479,5,-503,-153,0,-4,0,0,6480,303,-324,-43,0,-3,18,-664,0,-95,42064
3536703,Pederneiras,15600,-39,-62,15600,44632,-98,62,15418,88,74,3,0,0,14379,871,-186,118,0,-6,4,-5,14202,869,186,118,0,-5,3,-5,88,0,0,0,0,0,0,0,74,0,0,0,0,0,0,0,15553,-7,-18,14239,53,670,-579,-3,-3,0,0,14539,395,-526,-26,0,-70,18,-1182,18,-1178,0,0,0,0,41095,2594,-514,361,0,12,-8,-26,44518,-52,-53,-40743,187,-1929,-1704,-17,-20,-3,0,41608,1116,-1573,-84,-5,-230,83,-3442,3,-391,244659
3536802,Pedra Bela,2462,0,-8,2462,6526,0,31,2453,0,6,0,0,0,607,442,-909,469,0,0,4,0,601,441,907,469,0,0,4,0,0,0,0,0,0,0,0,0,6,0,0,0,0,0,0,0,2452,-3,0,469,8,254,-1372,-14,-315,0,0,1819,590,-35,0,0,0,10,-1826,10,-1824,0,0,0,0,1595,1234,-2344,1301,0,0,-41,0,6507,-16,0,-1207,48,-656,-3666,-54,-876,-7,0,4803,1605,-111,0,0,0,54,-4871,5,-525,19974
3536901,Pedranópolis,1052,0,-50,1052,2737,0,50,997,54,0,0,0,0,666,305,-70,0,0,0,0,0,666,270,50,0,0,0,0,0,0,34,20,0,0,0,0,0,0,0,0,0,0,0,0,0,1052,0,0,636,0,172,-233,0,0,0,0,857,59,-126,0,-3,-5,32,-345,32,-290,0,-54,0,0,1683,833,-212,6,0,0,0,0,2737,0,0,-1606,12,-485,-630,0,0,0,0,2191,169,-353,0,-8,-14,95,-956,15,-94,13000
3537008,Pedregulho,5570,0,-16,5570,15493,-5,25,5504,13,39,3,0,0,4636,408,-63,321,3,0,118,0,4572,406,63,321,3,0,118,0,13,0,0,0,0,0,0,0,39,0,0,0,0,0,0,0,5560,0,0,4532,138,310,-544,0,-14,0,0,4819,584,-144,0,0,0,22,-896,22,-894,0,0,0,0,12877,1215,-182,893,11,0,-306,-4,15465,-15,-11,-12582,360,-932,-1526,-18,-44,-4,0,13344,1678,-433,-16,-6,-5,99,-2511,3,-326,83673
3537107,Pedreira,15756,0,-78,15756,43010,-8,79,13968,23,1723,12,0,-4,15260,253,-10,144,57,0,0,0,13606,136,3,130,57,0,0,0,7,0,0,10,0,0,0,0,1612,109,0,0,0,0,0,0,15689,-10,-35,15124,60,214,-220,-3,-63,0,0,14925,728,-47,-5,-10,0,125,-347,15,-322,0,-11,105,-5,41685,702,-36,392,171,0,-5,0,42828,-46,-120,-41285,208,-643,-628,-19,-174,-28,0,40897,1877,-119,-13,-45,-25,334,-974,27,-109,252370
3537156,Pedrinhas Paulista,1063,0,0,1063,2801,0,3,1062,0,0,0,0,0,919,97,-43,0,0,0,0,0,919,96,43,0,0,0,0,0,0,0,0,0,0,0,0,0,0,0,0,0,0,0,0,0,1062,0,0,931,3,39,-87,0,0,0,0,974,24,-40,-3,0,-21,16,-126,16,-125,0,0,0,0,2424,257,-110,10,0,0,0,0,2799,0,0,-2458,13,-85,-243,0,0,0,0,2554,66,-112,-11,0,-57,47,-330,3,-34,15419
3537206,Pedro de Toledo,3941,0,-32,3941,11238,0,32,3887,14,30,0,0,0,2877,200,-116,687,0,0,11,0,2824,200,116,686,0,0,11,0,14,0,0,0,0,0,0,0,30,0,0,0,0,0,0,0,3913,-10,0,2239,140,745,-756,-19,0,0,0,3189,409,-301,0,0,-13,43,-992,43,-991,0,0,0,0,8194,665,-349,1944,5,10,-41,-10,11159,-58,-7,-6498,370,-2213,-2048,-66,-15,-7,0,9106,1161,-879,-25,-4,-49,178,-2857,8,-387,55517
3537305,Penápolis,23207,-7,-174,23207,61392,-15,205,22740,201,244,0,0,0,22259,852,-62,7,0,0,0,0,21793,851,62,7,0,0,0,0,201,0,0,0,0,0,0,0,244,0,0,0,0,0,0,0,23170,-20,0,22233,23,362,-550,0,0,0,0,21427,1161,-431,-17,-11,-108,234,-681,233,-681,0,0,0,0,58852,2360,-153,14,0,0,0,0,61300,-71,-5,-58805,79,-1001,-1483,0,0,0,0,56065,3701,-1196,-53,-29,-313,669,-1857,73,-201,361504
3537404,Pereira Barreto,9230,-8,-36,9230,24009,-19,39,9123,3,92,0,0,0,8575,613,-11,0,11,0,0,0,8468,613,11,0,11,0,0,0,3,0,0,0,0,0,0,0,92,0,0,0,0,0,0,0,9210,-4,-8,8526,4,249,-426,0,0,0,0,8552,223,-374,-19,-9,-20,14,-622,14,-622,0,0,0,0,22384,1561,-33,0,21,0,0,0,23970,-16,-15,-22247,30,-579,-1128,0,-4,0,0,22328,559,-974,-55,-29,-43,54,-1564,0,-129,138828
3537503,Pereiras,3111,0,-10,3111,8721,-6,10,3058,39,11,0,0,0,2465,366,-229,0,4,0,3,0,2412,366,229,0,4,0,3,0,39,0,0,0,0,0,0,0,11,0,0,0,0,0,0,0,3099,0,-3,2157,10,722,-192,0,0,0,0,1568,1415,-90,0,0,-29,101,-527,101,-527,0,0,0,0,6977,1024,-646,10,10,0,-11,-18,8686,-12,-14,-6159,41,-1943,-550,0,-4,0,0,4484,3911,-231,0,0,-87,332,-1401,33,-140,45815
3537602,Peruíbe,25003,-3,-390,25003,67857,-27,419,22929,195,1704,99,0,-3,23470,549,-129,434,19,-3,0,-313,21400,549,128,433,19,0,0,-311,191,0,0,0,0,0,0,0,1704,0,0,0,0,0,0,0,24542,-105,-304,18110,226,5394,-781,-237,-71,-12,0,23960,716,-114,0,-17,-131,141,-1321,141,-1316,0,0,0,0,63715,1509,-357,1177,59,14,-5,-987,66691,-348,-786,-48455,741,-15137,-2291,-795,-255,-82,-14,65144,1882,-323,0,-41,-429,553,-3560,70,-488,386949
3537701,Piacatu,2081,0,-28,2081,5490,0,29,2074,3,0,0,0,0,1924,140,-9,0,0,0,0,0,1917,140,9,0,0,0,0,0,3,0,0,0,0,0,0,0,0,0,0,0,0,0,0,0,2078,0,0,1926,0,6,-140,0,0,0,0,1974,61,-36,-6,0,0,12,-138,12,-138,0,0,0,0,5097,369,-21,0,0,0,0,0,5487,0,0,-5101,0,-29,-354,0,0,0,0,5222,164,-90,-12,0,0,40,-351,0,-24,31862
3537800,Piedade,19053,-6,-132,19053,52812,-18,132,18396,145,462,22,0,0,10946,1531,-4776,1491,102,0,7,-27,10306,1529,4771,1484,100,0,7,-27,133,0,0,4,0,0,0,0,462,0,0,0,0,0,0,0,18893,-13,-73,7328,49,3157,-7585,-92,-616,-18,-3,10735,7649,-550,-6,0,-20,847,-7188,843,-7176,0,-3,0,0,30377,4399,-13233,4195,319,12,-73,-129,52400,-131,-230,-20135,251,-9020,-21060,-355,-1802,-91,-9,29916,21210,-1498,-34,-7,-98,2637,-19765,276,-2236,220206
3537909,Pilar do Sul,9571,0,-63,9571,27534,-3,70,9175,270,105,0,0,0,7886,501,-806,292,29,0,20,-4,7491,501,805,292,29,0,20,-4,270,0,0,0,0,0,0,0,105,0,0,0,0,0,0,0,9533,-11,-3,6381,101,828,-2175,-5,0,0,0,7977,1273,-221,-4,0,-47,138,-1529,138,-1528,0,0,0,0,22677,1540,-2278,814,111,0,-74,-15,27422,-72,-25,-18587,357,-2356,-6147,-20,-8,-16,0,22905,3796,-613,-17,-10,-163,426,-4422,51,-516,139263
3538006,Pindamonhangaba,57979,-11,-109,57979,165021,-46,121,48860,1700,7295,0,0,-4,56435,436,-343,593,21,0,5,-3,47377,398,331,589,21,0,5,-3,1644,36,12,0,0,0,0,0,7293,0,0,0,0,0,0,0,57625,-180,-105,54941,221,1602,-933,-15,-57,-3,0,56085,1617,-150,-14,-15,-10,82,-1352,80,-1298,0,-48,0,0,160757,1408,-1049,1581,74,6,-10,-52,164025,-599,-355,-156369,822,-4551,-2832,-89,-187,-54,-11,160134,4131,-539,-69,-60,-49,421,-3794,38,-435,943998
3538105,Pindorama,5459,0,0,5459,14473,0,0,5408,34,7,6,0,0,5147,282,-22,0,0,0,0,0,5101,278,22,0,0,0,0,0,32,0,0,0,0,0,0,0,7,0,0,0,0,0,0,0,5454,0,0,5156,54,183,-41,-3,-3,0,0,5263,68,-64,-7,-29,-19,60,-246,60,-242,0,0,0,0,13640,765,-60,0,0,0,0,0,14467,0,0,-13667,141,-479,-146,-7,-8,-6,0,13955,179,-181,-16,-83,-50,165,-662,7,-56,85235
3538204,Pinhalzinho,5650,0,-56,5650,15162,-4,56,5564,36,33,0,0,0,3130,1137,-1191,132,0,0,0,-4,3058,1128,1187,131,0,0,0,-4,32,3,0,0,0,0,0,0,33,0,0,0,0,0,0,0,5428,-206,0,2658,23,848,-1954,0,-100,0,0,4190,1385,-30,0,0,-3,39,-2441,36,-2428,0,-4,0,0,8560,3121,-3068,351,5,0,-9,-21,14553,-591,-12,-7243,83,-2355,-5113,-9,-321,0,0,11216,3745,-147,-4,0,-33,154,-6428,7,-581,64164
3538303,Piquerobi,1284,0,0,1284,3264,0,0,1284,0,0,0,0,0,1086,180,-4,0,0,0,0,-10,1086,180,4,0,0,0,0,-10,0,0,0,0,0,0,0,0,0,0,0,0,0,0,0,0,1282,0,0,1076,4,13,-183,0,0,0,0,1090,15,-146,-12,-9,-6,8,-190,8,-190,0,0,0,0,2726,487,-18,5,0,0,0,-28,3260,0,0,-2711,17,-43,-492,0,0,0,0,2744,43,-385,-38,-31,-20,21,-517,0,-52,17356
3538501,Piquete,4563,0,-20,4563,12433,0,34,4445,0,109,0,0,0,4191,68,-52,231,0,0,8,0,4077,64,52,231,0,0,8,0,0,0,0,0,0,0,0,0,105,4,0,0,0,0,0,0,4556,0,0,3345,39,337,-96,-19,-688,0,0,4138,350,-40,0,-5,-14,35,-325,31,-325,0,0,4,0,11461,207,-155,586,0,0,-15,0,12405,-15,-8,-9155,125,-898,-281,-64,-1900,0,0,11284,989,-97,0,-13,-45,107,-856,10,-98,70011
3538600,Piracaia,9516,0,-57,9516,25945,0,57,9177,149,153,4,0,-7,7879,578,-496,492,0,0,3,0,7586,561,482,476,0,0,3,0,110,10,10,13,0,0,0,0,153,0,0,0,0,0,0,0,9468,-16,-4,6762,46,1566,-764,0,-243,-4,0,8334,1007,-100,0,0,-7,241,-1353,237,-1310,0,-38,0,0,21130,1712,-1468,1556,0,7,-16,-15,25815,-100,-20,-17835,246,-4724,-2290,-12,-760,-42,-3,22562,3017,-277,-18,-3,-28,908,-3885,88,-465,141215
3538709,Piracicaba,155403,-528,-914,155403,419769,-1388,957,115167,3126,36504,64,0,-240,153339,768,-350,215,7,0,12,-483,113198,725,350,215,7,0,0,-480,3088,35,0,0,0,0,0,0,36458,0,0,0,0,0,12,0,155137,-74,-88,150471,190,2713,-996,-44,-492,-135,-7,145211,9656,-239,-21,-13,-20,862,-1008,853,-956,0,-35,8,-11,413907,2379,-1052,645,41,29,-43,-1552,419038,-342,-325,-405748,660,-7945,-2977,-195,-1549,-460,-37,394822,23729,-764,-82,-76,-167,2775,-3001,379,-335,2483155
3538808,Piraju,11015,0,-64,11015,29332,0,84,10937,14,31,7,0,-4,10204,440,-13,319,0,0,3,0,10129,437,13,319,0,0,3,0,11,3,0,0,0,0,0,0,31,0,0,0,0,0,0,0,10999,0,-9,10100,10,222,-598,0,-34,0,0,10489,295,-190,-12,0,-3,389,-401,386,-401,3,0,0,0,27091,1249,-35,929,0,0,-11,0,29274,-21,-36,-26790,38,-596,-1757,-14,-108,-10,0,27856,845,-550,-50,-4,-18,1041,-1196,102,-141,172599
3538907,Pirajuí,7482,-15,-915,7482,19099,-38,915,7397,27,42,4,0,0,7027,358,-11,57,0,0,3,0,6943,357,11,57,0,0,3,0,27,0,0,0,0,0,0,0,42,0,0,0,0,0,0,0,7477,0,0,7040,139,149,-67,0,-49,0,0,7081,147,-198,-6,0,-13,166,-266,166,-265,0,0,0,0,17878,998,-42,150,0,0,-10,-9,19087,-3,-4,-17927,415,-429,-174,0,-136,0,0,18032,406,-544,-45,-3,-59,465,-747,21,-85,115090
3539004,Pirangi,4028,0,-34,4028,10849,0,34,4021,3,0,3,0,0,3704,312,0,0,0,0,0,0,3697,312,0,0,0,0,0,0,3,0,0,0,0,0,0,0,0,0,0,0,0,0,0,0,4028,0,0,3733,0,6,-280,0,0,0,0,3739,71,-213,0,0,0,314,0,314,0,0,0,0,0,9903,938,-7,0,0,0,0,0,10849,0,0,-9996,13,-17,-810,0,-7,0,0,10017,204,-621,0,-3,0,938,-5,77,0,64145
3539103,Pirapora do Bom Jesus,6093,-6,-25,6093,18305,-14,25,5926,22,134,0,0,0,5611,140,-48,84,156,0,0,-17,5446,139,48,83,156,0,0,-17,22,0,0,0,0,0,0,0,134,0,0,0,0,0,0,0,6065,-7,-6,4283,9,199,-833,-14,-697,-6,0,5466,482,-108,0,0,-12,46,-415,46,-413,0,0,0,0,16943,422,-154,221,469,0,-14,-69,18244,-24,-24,-12793,58,-602,-2465,-74,-2267,-32,0,16358,1551,-329,-11,-18,-26,153,-1197,25,-161,96759
3539202,Pirapozinho,9235,-6,-44,9235,25282,-13,44,9171,26,29,0,0,0,8811,367,-24,12,0,0,0,0,8748,366,24,12,0,0,0,0,25,0,0,0,0,0,0,0,29,0,0,0,0,0,0,0,9219,-6,0,8539,18,310,-336,0,0,0,0,9049,39,-110,0,0,-7,49,-356,49,-355,0,0,0,0,24115,1038,-77,38,0,0,0,-4,25239,-30,-7,-23413,68,-869,-899,-4,0,-8,0,24768,150,-318,-18,0,-17,158,-999,16,-89,146269
3539301,Pirassununga,27605,0,-166,27605,73334,-14,174,25320,673,1536,29,0,0,26529,254,-484,282,6,0,0,-7,24263,250,484,282,0,0,0,0,673,0,0,0,0,0,0,0,1518,3,0,0,6,0,0,-7,27587,0,0,26444,25,544,-509,0,-6,-31,0,26307,530,-525,-20,0,-177,22,-1021,6,-1020,0,0,16,0,70429,800,-1277,761,14,0,0,-24,73295,-12,-13,-70191,75,-1530,-1399,-5,-41,-59,0,70008,1302,-1497,-50,-5,-451,89,-2802,9,-272,425474
3539400,Piratininga,5240,-9,-91,5240,14964,-32,91,4742,484,6,3,0,0,4024,1136,-9,56,0,0,0,-5,3769,893,9,56,0,0,0,-5,241,243,0,0,0,0,0,0,6,0,0,0,0,0,0,0,5226,0,-7,3895,89,825,-410,0,0,0,0,4578,382,-245,-14,0,-4,719,-484,484,-477,235,-7,0,0,11501,3259,-32,145,0,0,0,-18,14932,-3,-22,-11127,270,-2424,-1124,-3,-4,-4,0,13180,1032,-689,-41,0,-11,2119,-1336,294,-134,85597
3539509,Pitangueiras,11903,-3,-18,11903,33631,-9,19,11831,3,28,24,0,0,11451,308,-112,4,0,0,0,0,11380,307,112,4,0,0,0,0,3,0,0,0,0,0,0,0,28,0,0,0,0,0,0,0,11887,0,-4,11425,45,66,-288,-3,-38,0,0,11539,124,-168,0,0,-50,56,-372,55,-372,0,0,0,0,32322,971,-282,32,6,0,0,0,33590,-29,-5,-32239,162,-224,-836,-8,-141,-3,0,32591,402,-484,-8,-9,-125,242,-1048,34,-95,191515
3539608,Planalto,1645,0,0,1645,4386,0,0,1642,0,0,0,0,0,1446,187,-3,0,0,0,0,0,1443,187,3,0,0,0,0,0,0,0,0,0,0,0,0,0,0,0,0,0,0,0,0,0,1645,0,0,1469,0,10,-163,0,0,0,0,1497,41,-98,-6,0,0,9,-177,9,-177,0,0,0,0,3807,563,-14,0,0,0,0,0,4386,0,0,-3876,0,-26,-479,0,0,0,0,3966,122,-271,-20,0,-3,50,-523,0,-69,24253
3539707,Platina,1133,0,0,1133,3022,-3,0,1132,0,0,0,0,0,939,172,-3,8,0,0,0,0,938,172,3,8,0,0,0,0,0,0,0,0,0,0,0,0,0,0,0,0,0,0,0,0,1115,-16,0,928,30,104,-64,0,0,0,0,1032,20,-70,0,0,-3,21,-167,21,-167,0,0,0,0,2519,450,-15,28,4,0,0,0,2978,-41,0,-2489,81,-293,-154,0,0,0,0,2763,65,-182,0,0,-6,63,-436,4,-42,16735
3539806,Poá,35374,0,-104,35374,103594,-10,152,31691,716,2854,53,0,0,35044,69,-7,0,0,0,0,-216,31364,69,7,0,0,0,0,-213,716,0,0,0,0,0,0,0,2854,0,0,0,0,0,0,0,35266,-49,-23,34070,107,159,-436,-66,-343,-38,0,34471,756,-14,0,-71,-15,67,-227,67,-224,0,0,0,0,102597,258,-40,11,3,0,-3,-667,103290,-177,-102,-99643,409,-563,-1452,-265,-1052,-141,-5,100934,2287,-55,0,-242,-55,229,-754,26,-110,587556
3539905,Poloni,2168,0,-6,2168,5583,0,9,2166,0,0,0,0,0,1974,184,0,0,0,0,0,0,1972,184,0,0,0,0,0,0,0,0,0,0,0,0,0,0,0,0,0,0,0,0,0,0,2164,-4,0,1996,4,72,-88,0,0,0,0,2005,6,-63,-7,0,-79,14,-170,14,-170,0,0,0,0,5035,532,-14,0,0,0,0,0,5578,-5,0,-5095,15,-232,-237,0,0,0,0,5132,12,-170,-26,0,-239,46,-498,0,-65,31865
3540002,Pompéia,7310,0,-30,7310,20159,0,30,7221,50,26,3,0,0,6991,261,-14,24,0,0,0,0,6902,261,14,24,0,0,0,0,50,0,0,0,0,0,0,0,26,0,0,0,0,0,0,0,7301,0,0,6847,243,75,-117,0,0,0,0,7013,127,-146,-4,0,-4,148,-150,148,-150,0,0,0,0,19248,768,-55,65,0,0,0,-9,20133,-14,-9,-18877,664,-236,-343,-11,0,-14,0,19354,333,-427,-13,-4,-23,457,-441,53,-61,118487
3540101,Pongaí,1363,0,0,1363,3393,0,0,1363,0,0,0,0,0,1190,94,-52,17,0,0,0,0,1190,94,52,17,0,0,0,0,0,0,0,0,0,0,0,0,0,0,0,0,0,0,0,0,1363,0,0,1197,0,30,-129,0,0,0,0,1208,100,-48,0,0,0,3,-160,3,-160,0,0,0,0,2940,282,-125,40,0,0,0,0,3393,0,0,-2963,7,-76,-337,-3,0,0,0,2991,265,-124,-4,0,-6,30,-419,0,-38,19344
3540200,Pontal,13113,0,-34,13113,37010,-7,34,12961,17,35,82,0,0,12941,150,-8,0,0,0,0,0,12790,149,8,0,0,0,0,0,17,0,0,0,0,0,0,0,35,0,0,0,0,0,0,0,13105,0,0,12912,67,75,-31,0,0,0,0,12935,128,-26,0,0,0,125,-32,124,-32,0,0,0,0,36523,442,-30,0,4,0,-3,0,36990,-14,0,-36441,190,-232,-111,-5,-13,-8,0,36514,375,-80,-10,-12,-8,379,-99,41,-15,216133
3540259,Pontalinda,1549,0,0,1549,4121,-6,0,1540,0,7,0,0,0,1302,231,-4,3,0,0,0,0,1293,231,4,3,0,0,0,0,0,0,0,0,0,0,0,0,7,0,0,0,0,0,0,0,1545,0,0,1297,0,79,-164,0,-3,0,0,1400,31,-108,-3,0,0,3,-233,3,-233,0,0,0,0,3465,635,-9,6,0,0,0,0,4110,-8,0,-3442,0,-215,-455,0,-8,0,0,3725,80,-295,-18,0,0,16,-638,0,-72,22321
3540309,Pontes Gestal,957,0,0,957,2387,0,0,956,0,0,0,0,0,872,61,-14,3,0,0,0,0,871,61,14,3,0,0,0,0,0,0,0,0,0,0,0,0,0,0,0,0,0,0,0,0,956,0,0,876,0,10,-70,0,0,0,0,884,28,-41,0,0,0,0,-81,0,-81,0,0,0,0,2169,161,-38,12,3,0,0,0,2386,0,0,-2177,0,-29,-181,0,0,0,0,2194,78,-108,-6,0,0,0,-213,0,-17,13843
3540408,Populina,1614,0,-7,1614,4111,0,16,1613,0,0,0,0,0,1414,165,-28,0,0,0,0,0,1413,165,28,0,0,0,0,0,0,0,0,0,0,0,0,0,0,0,0,0,0,0,0,0,1613,0,0,1417,0,149,-42,0,0,0,0,1446,82,-78,0,0,-7,0,-190,0,-190,0,0,0,0,3573,460,-74,0,0,0,0,0,4110,0,0,-3569,9,-411,-119,0,0,0,0,3634,235,-221,0,0,-20,8,-524,0,-40,23369
3540507,Porangaba,3923,0,-4,3923,10445,0,4,3852,62,0,0,0,0,3178,393,-219,16,79,0,3,-8,3114,388,217,16,78,0,3,-8,58,4,0,0,0,0,0,0,0,0,0,0,0,0,0,0,3856,-12,-37,1733,189,1009,-941,0,-4,0,0,2151,1610,-144,0,0,0,173,-560,173,-552,0,-4,0,0,8498,1051,-579,81,188,0,-10,-12,10292,-44,-99,-4679,542,-2549,-2625,-13,-13,0,0,5852,4179,-393,0,0,-7,461,-1478,48,-164,56684
3540606,Porto Feliz,18654,0,-37,18654,55043,-13,54,16972,705,940,5,0,0,16215,1954,-203,200,0,0,0,-16,14646,1848,198,200,0,0,0,-16,606,91,4,0,0,0,0,0,933,4,0,0,0,0,0,0,18535,-28,-61,15725,145,1148,-1480,-24,-12,-6,0,14446,3845,-179,-3,-68,-67,437,-1952,410,-1870,10,-80,4,0,47760,5939,-627,593,7,0,-17,-78,54671,-131,-229,-46331,484,-3449,-4511,-98,-87,-31,0,41979,12062,-563,-13,-199,-207,1389,-5879,169,-744,298375
3540705,Porto Ferreira,19041,-4,-48,19041,52544,-14,57,18162,419,436,6,0,0,18716,187,-37,54,0,0,3,0,17839,187,37,54,0,0,3,0,418,0,0,0,0,0,0,0,435,0,0,0,0,0,0,0,19027,0,0,18454,3,255,-169,-11,-83,-4,0,18654,207,-129,-6,0,-11,57,-229,57,-229,0,0,0,0,51639,596,-104,163,0,0,-6,-13,52515,-12,-6,-50792,54,-767,-537,-45,-304,-14,0,51431,625,-399,-23,-3,-44,206,-683,19,-55,306820
3540754,Potim,5736,-6,-29,5736,17508,-22,29,5539,55,121,3,0,0,5598,98,-18,0,0,0,0,-4,5403,96,18,0,0,0,0,-4,53,0,0,0,0,0,0,0,121,0,0,0,0,0,0,0,5709,0,-16,5660,4,12,-42,0,0,-6,0,5694,26,-11,0,0,0,55,-68,53,-68,0,0,0,0,17052,371,-61,4,0,0,0,-15,17420,-10,-72,-17264,18,-42,-155,0,0,-21,0,17356,105,-36,-6,0,-4,184,-265,23,-39,97576
3540804,Potirendaba,6803,-6,-20,6803,18449,-12,20,6704,63,29,0,0,0,6186,582,-4,0,0,0,0,0,6089,581,4,0,0,0,0,0,63,0,0,0,0,0,0,0,29,0,0,0,0,0,0,0,6797,0,0,6162,25,209,-368,0,-13,0,0,6556,84,-98,-3,-3,-37,61,-534,61,-532,0,0,0,0,16719,1687,-13,10,8,0,0,0,18433,-6,-8,-16651,84,-642,-1028,0,-35,0,0,17758,278,-268,-24,-19,-95,191,-1533,24,-148,105452
3540853,Pracinha,539,0,0,539,1419,0,0,539,0,0,0,0,0,502,26,-8,0,0,0,0,-3,502,26,8,0,0,0,0,-3,0,0,0,0,0,0,0,0,0,0,0,0,0,0,0,0,539,0,0,500,0,33,-6,0,0,0,0,528,0,-10,0,0,0,7,-30,7,-30,0,0,0,0,1321,75,-18,0,0,0,0,-5,1419,0,0,-1319,0,-88,-12,0,0,0,0,1390,0,-24,-5,0,0,17,-81,3,-11,8286
3540903,Pradópolis,5865,0,0,5865,17071,-4,0,5855,0,0,0,0,0,5690,147,-13,7,0,0,0,0,5680,147,13,7,0,0,0,0,0,0,0,0,0,0,0,0,0,0,0,0,0,0,0,0,5860,0,0,5450,0,60,-336,0,-12,0,0,5524,0,-319,-6,0,-6,112,-52,112,-52,0,0,0,0,16579,417,-38,22,8,0,-3,0,17056,-10,-4,-15848,5,-189,-991,0,-35,0,0,16075,4,-930,-26,-10,-23,329,-161,50,-15,94927
3541000,Praia Grande,130031,-22,-390,130031,348501,-97,492,81301,6904,41108,251,0,-50,129406,8,-14,189,8,-3,36,-258,80722,3,14,188,0,-3,36,-251,6893,0,0,0,0,0,0,-6,41078,5,0,0,5,0,0,0,129607,-124,-181,118132,8918,1221,-203,-441,-497,-120,-20,125574,3809,-112,0,-102,-140,89,-416,74,-409,3,-3,11,0,346731,51,-54,539,27,7,-112,-906,347293,-581,-578,-313893,26428,-3810,-628,-1428,-1608,-430,-54,337392,9798,-300,-11,-343,-497,404,-1296,58,-240,2122745
3541059,Pratânia,1750,0,0,1750,5126,0,0,1742,6,0,0,0,0,1497,187,-21,38,0,0,0,0,1489,187,21,38,0,0,0,0,6,0,0,0,0,0,0,0,0,0,0,0,0,0,0,0,1747,0,0,1494,97,71,-75,0,0,0,0,1656,57,-31,0,0,0,6,-241,6,-241,0,0,0,0,4416,532,-63,112,0,0,0,0,5119,-3,-3,-4399,270,-212,-236,-3,0,0,0,4869,167,-83,0,0,-3,26,-682,3,-91,28098
3541109,Presidente Alves,1447,0,-4,1447,3800,0,4,1440,4,0,0,0,0,1260,164,-3,13,0,0,0,0,1253,164,3,13,0,0,0,0,4,0,0,0,0,0,0,0,0,0,0,0,0,0,0,0,1447,0,0,1262,8,66,-100,0,0,0,0,1311,64,-60,-5,0,-4,5,-173,5,-173,0,0,0,0,3304,453,-9,32,0,0,0,0,3800,0,0,-3307,29,-180,-260,-18,-4,0,0,3433,171,-165,-17,0,-13,22,-468,0,-52,21413
3541208,Presidente Bernardes,4767,-3,-52,4767,12403,-3,52,4759,4,0,0,0,0,3742,891,-55,44,0,0,0,0,3736,889,55,44,0,0,0,0,4,0,0,0,0,0,0,0,0,0,0,0,0,0,0,0,4746,-8,0,3583,0,335,-715,-7,-90,0,0,3960,180,-577,-20,0,-6,24,-983,24,-981,0,0,0,0,9733,2362,-143,146,0,0,0,-4,12359,-26,0,-9344,23,-881,-1884,-34,-217,0,-3,10315,465,-1525,-60,-4,-17,87,-2578,3,-248,64034
3541307,Presidente Epitácio,15034,-23,-70,15034,39321,-61,86,14825,105,65,10,0,0,14001,840,-159,0,0,0,0,0,13794,839,159,0,0,0,0,0,105,0,0,0,0,0,0,0,65,0,0,0,0,0,0,0,15012,-10,0,12879,132,1087,-854,0,0,-4,0,14198,221,-454,-45,-6,-63,263,-745,263,-743,0,0,0,0,36509,2305,-478,3,0,0,0,-12,39278,-38,0,-33563,389,-2965,-2349,-6,-3,-18,0,37032,633,-1291,-141,-32,-170,741,-2059,86,-207,228745
3541406,Presidente Prudente,85258,0,-1659,85258,223757,-6,1724,71719,3496,9890,37,0,-4,83513,1504,-80,29,0,0,0,-9,70036,1457,80,26,0,0,0,-6,3464,26,0,0,0,0,0,0,9869,11,0,0,0,0,0,0,85149,-6,-42,83277,229,1008,-467,-21,-3,-39,0,82457,2130,-461,-18,-3,-84,67,-1554,58,-1518,0,-28,9,0,219101,4182,-212,102,5,6,-17,-67,223515,-69,-121,-218397,782,-2867,-1319,-88,-45,-134,-14,217208,4875,-1240,-74,-15,-286,343,-4246,17,-414,1340041
3541505,Presidente Venceslau,13690,0,-519,13690,34327,-3,519,13317,128,219,11,0,0,13053,579,-13,6,0,0,0,-10,12681,578,13,6,0,0,0,-10,128,0,0,0,0,0,0,0,219,0,0,0,0,0,0,0,13679,0,0,12870,94,349,-336,0,0,0,0,13112,68,-452,-19,0,-4,30,-579,30,-578,0,0,0,0,32678,1521,-46,25,0,0,-3,-36,34302,-18,-3,-32184,266,-923,-923,0,-4,-5,-3,32828,240,-1155,-65,-4,-19,98,-1538,4,-139,205767
3541604,Promissão,12858,-17,-67,12858,35005,-39,67,12723,70,38,4,0,0,10811,1704,-310,3,0,0,0,-3,10689,1691,310,3,0,0,0,-3,57,11,0,0,0,0,0,0,38,0,0,0,0,0,0,0,12562,-287,0,10958,273,1043,-549,0,0,0,0,11080,436,-1196,-56,0,-54,767,-1258,761,-1249,0,-7,0,0,29148,4908,-906,23,0,0,0,-4,34171,-823,0,-29660,780,-2970,-1579,-3,0,0,0,30024,1215,-3429,-169,-9,-146,2256,-3590,267,-389,190840
3541653,Quadra,1191,-6,0,1191,3369,-29,0,1183,0,4,0,0,0,659,369,-122,3,22,0,0,0,652,367,119,3,22,0,0,0,0,0,0,0,0,0,0,0,4,0,0,0,0,0,0,0,1098,-3,-80,399,11,111,-662,0,0,0,0,878,244,-59,0,0,-3,119,-407,118,-405,0,0,0,0,1838,1081,-337,22,70,7,0,-4,3102,-22,-233,-1114,30,-288,-1915,-10,-6,-3,0,2474,701,-171,-3,0,-16,340,-1181,37,-145,14614
3541703,Quatá,4827,0,-16,4827,13128,-4,28,4820,0,3,0,0,0,4614,174,-14,12,0,0,0,0,4607,174,14,12,0,0,0,0,0,0,0,0,0,0,0,0,3,0,0,0,0,0,0,0,4826,0,0,4604,0,86,-122,0,0,0,0,4655,36,-107,-8,0,-8,8,-195,8,-195,0,0,0,0,12570,482,-31,27,0,0,-7,0,13127,0,0,-12556,3,-227,-330,0,0,0,0,12682,117,-271,-27,0,-20,26,-526,0,-72,75764
3541802,Queiroz,1223,0,-6,1223,3254,0,6,1217,0,3,3,0,0,1103,104,-4,0,0,0,0,-9,1097,104,4,0,0,0,0,-9,0,0,0,0,0,0,0,0,3,0,0,0,0,0,0,0,1216,0,-4,1111,0,7,-103,0,0,0,0,1127,65,-25,0,0,0,20,-97,20,-97,0,0,0,0,2921,298,-7,0,0,0,0,-22,3239,0,-9,-2935,0,-24,-295,0,0,0,0,2995,188,-63,0,0,0,49,-279,4,-47,18569
3541901,Queluz,3249,0,-53,3249,9088,0,69,3193,5,37,5,0,0,2884,68,-10,222,0,0,46,0,2828,68,10,222,0,0,46,0,5,0,0,0,0,0,0,0,37,0,0,0,0,0,0,0,3233,-5,-3,2696,36,176,-104,-17,-187,0,0,2909,271,-52,0,-3,0,49,-306,49,-306,0,0,0,0,8053,199,-24,660,0,5,-132,0,9044,-17,-21,-7516,112,-508,-294,-67,-576,0,0,8091,807,-161,0,-19,0,150,-876,25,-108,50531
3542008,Quintana,2519,0,-7,2519,7025,0,7,2516,0,0,0,0,0,2381,115,0,13,0,0,0,0,2378,115,0,13,0,0,0,0,0,0,0,0,0,0,0,0,0,0,0,0,0,0,0,0,2511,0,0,2360,3,74,-69,0,0,0,0,2388,20,-87,-9,0,-3,17,-115,17,-115,0,0,0,0,6615,341,-13,48,0,4,0,0,7010,-12,0,-6580,18,-232,-183,-8,0,0,0,6649,75,-247,-23,-4,-16,61,-346,9,-51,39701
3542107,Rafard,3101,0,0,3101,8964,0,0,3079,12,0,9,0,0,2851,212,-11,19,0,0,0,0,2829,212,11,19,0,0,0,0,12,0,0,0,0,0,0,0,0,0,0,0,0,0,0,0,3100,0,0,2878,24,33,-97,-13,-46,0,0,3033,45,-17,0,0,0,47,-201,47,-201,0,0,0,0,8149,693,-39,73,0,0,-6,-4,8959,-5,0,-8218,66,-103,-341,-47,-186,0,0,8745,155,-64,0,0,0,123,-692,3,-111,50202
3542206,Rancharia,10746,-3,-58,10746,28513,-6,62,10657,9,71,0,0,0,9706,864,-63,80,0,0,0,0,9620,861,63,80,0,0,0,0,9,0,0,0,0,0,0,0,71,0,0,0,0,0,0,0,10722,0,-3,9647,99,329,-627,0,0,-3,0,9975,123,-481,-21,-3,-108,197,-822,196,-820,0,0,0,0,25598,2458,-183,230,6,0,-8,-14,28457,-26,-16,-25449,293,-953,-1775,-13,0,-16,-3,26390,328,-1410,-69,-6,-294,582,-2319,79,-313,161982
3542305,Redenção da Serra,1680,0,0,1680,4493,0,0,1678,0,0,0,0,0,715,244,-150,538,0,0,9,0,714,244,150,537,0,0,9,0,0,0,0,0,0,0,0,0,0,0,0,0,0,0,0,0,1671,0,0,594,22,196,-743,-7,-87,0,0,1265,287,-105,0,0,-4,57,-888,57,-887,0,0,0,0,2023,604,-400,1424,0,0,-25,0,4479,-4,0,-1673,85,-493,-1908,-19,-293,-4,-3,3468,712,-281,0,0,-22,170,-2293,20,-234,19302
3542404,Regente Feijó,7519,0,-36,7519,20104,0,39,7513,0,4,0,0,0,6917,530,-12,39,0,0,0,0,6911,530,12,39,0,0,0,0,0,0,0,0,0,0,0,0,4,0,0,0,0,0,0,0,7497,-17,0,6861,3,384,-251,0,0,0,0,7100,232,-148,-3,0,-29,7,-579,7,-579,0,0,0,0,18500,1446,-42,97,0,0,0,0,20049,-47,0,-18358,18,-1073,-643,0,0,0,0,18999,618,-397,-12,0,-78,34,-1561,0,-127,115540
3542503,Reginópolis,2138,0,-29,2138,5637,0,37,2118,12,6,0,0,0,1932,165,-11,24,0,0,0,0,1912,165,11,24,0,0,0,0,12,0,0,0,0,0,0,0,6,0,0,0,0,0,0,0,2136,0,0,1944,54,59,-51,0,-18,0,0,1982,68,-62,-18,0,0,89,-109,89,-109,0,0,0,0,5077,454,-30,70,0,0,0,0,5635,0,0,-5095,178,-165,-143,0,-54,0,0,5212,184,-176,-53,-5,0,248,-308,14,-27,33367
3542602,Registro,21361,0,-41,21361,58896,-11,54,20691,135,468,15,0,0,18982,529,-1530,185,0,0,21,-6,18317,529,1528,185,0,0,21,-6,133,0,0,0,0,0,0,0,468,0,0,0,0,0,0,0,21178,-13,-113,17788,295,2089,-592,-378,-40,-16,0,20099,572,-579,0,0,-19,61,-2249,61,-2246,0,0,0,0,52254,1573,-4319,560,0,4,-72,-70,58431,-80,-346,-48743,934,-5912,-1789,-1186,-169,-74,0,55383,1650,-1699,-18,-12,-97,267,-6340,18,-830,317501
3542701,Restinga,2183,-9,0,2183,6380,-24,0,2168,5,8,0,0,0,1799,204,-3,146,20,0,0,0,1790,202,3,142,20,0,0,0,0,0,0,3,0,0,0,0,8,0,0,0,0,0,0,0,2157,-3,-21,1796,23,97,-254,0,0,-3,0,2045,72,-59,0,0,0,149,-227,148,-222,0,-5,0,0,5254,628,-17,428,39,0,-5,-5,6326,-10,-44,-5240,76,-288,-755,-4,-10,-4,0,5998,208,-166,0,0,0,489,-633,75,-81,35180
3542800,Ribeira,1163,0,0,1163,3130,0,0,1155,0,7,0,0,0,800,0,0,294,0,0,58,0,793,0,0,293,0,0,58,0,0,0,0,0,0,0,0,0,7,0,0,0,0,0,0,0,1154,-3,0,401,14,241,-448,0,-27,-4,-5,723,353,-75,0,0,0,3,-355,3,-354,0,0,0,0,2154,0,-3,804,0,0,-164,0,3108,-20,0,-1113,51,-634,-1204,-3,-82,-17,-12,1972,959,-186,0,0,-4,13,-959,3,-128,15077
3542909,Ribeirão Bonito,4032,0,-31,4032,10946,0,31,4004,4,16,4,0,0,3756,212,-16,38,0,0,0,0,3728,212,16,38,0,0,0,0,4,0,0,0,0,0,0,0,16,0,0,0,0,0,0,0,3995,-37,0,3688,104,152,-62,-7,0,0,0,3777,167,-53,-22,0,0,79,-192,79,-192,0,0,0,0,10215,587,-37,101,0,0,0,0,10855,-91,0,-10030,314,-405,-174,-19,0,0,0,10278,443,-148,-70,0,-3,221,-510,13,-57,64001
3543006,Ribeirão Branco,6565,0,0,6565,18618,-6,0,6517,0,37,0,0,0,4862,382,-230,1049,0,0,0,0,4816,381,229,1049,0,0,0,0,0,0,0,0,0,0,0,0,37,0,0,0,0,0,0,0,6531,-12,-3,3918,39,326,-1937,0,-276,-9,0,4851,1143,-511,0,-3,-12,495,-1187,495,-1185,0,0,0,0,13723,1153,-729,2982,6,0,-17,0,18552,-38,-3,-11087,127,-972,-5554,-26,-798,-27,-4,13676,3425,-1429,-20,-22,-36,1469,-3417,201,-516,94153
3543105,Ribeirão Corrente,1584,0,0,1584,4604,-4,0,1582,0,0,0,0,0,1267,213,-11,84,0,0,0,0,1266,212,11,84,0,0,0,0,0,0,0,0,0,0,0,0,0,0,0,0,0,0,0,0,1581,0,0,1273,12,72,-217,0,0,-3,0,1291,234,-46,0,0,0,3,-307,3,-306,0,0,0,0,3702,623,-29,238,0,0,-3,0,4601,0,0,-3721,37,-196,-638,-4,0,-4,0,3770,669,-143,-14,0,-3,14,-883,0,-146,23936
3543204,Ribeirão do Sul,1736,0,0,1736,4677,0,0,1734,0,0,0,0,0,1192,438,-59,28,0,0,0,0,1190,438,59,28,0,0,0,0,0,0,0,0,0,0,0,0,0,0,0,0,0,0,0,0,1732,0,0,1197,70,262,-185,-6,0,0,0,1563,78,-51,-3,-12,-21,153,-376,153,-376,0,0,0,0,3194,1232,-174,66,0,0,-4,-4,4668,-7,0,-3212,211,-725,-498,-18,0,-3,0,4208,226,-129,-11,-30,-71,413,-1066,44,-120,25565
3543238,Ribeirão dos Índios,816,0,0,816,2025,0,0,816,0,0,0,0,0,724,81,-4,0,0,0,0,0,724,81,4,0,0,0,0,0,0,0,0,0,0,0,0,0,0,0,0,0,0,0,0,0,816,0,0,713,0,19,-79,0,0,0,0,737,34,-36,-8,0,0,0,-89,0,-89,0,0,0,0,1794,198,-14,11,0,0,0,0,2025,0,0,-1762,0,-55,-200,0,0,0,0,1828,87,-88,-20,0,0,4,-223,0,-17,11669
3543253,Ribeirão Grande,2669,0,0,2669,7443,0,0,2666,0,0,0,0,0,2183,155,-98,207,0,0,6,0,2180,155,98,207,0,0,6,0,0,0,0,0,0,0,0,0,0,0,0,0,0,0,0,0,2662,0,0,1078,11,621,-901,0,-27,0,0,2416,63,-157,0,0,-3,51,-426,51,-426,0,0,0,0,6106,437,-286,576,3,0,-22,-3,7432,-4,0,-2991,40,-1765,-2522,-9,-100,0,0,6801,193,-413,-6,0,-18,162,-1169,12,-117,37896
3543303,Ribeirão Pires,41439,-52,-331,41439,115071,-104,337,39544,568,950,254,0,-22,40178,623,-317,86,10,0,0,-31,38338,571,312,85,10,0,0,-31,533,35,0,0,0,0,0,0,938,12,0,0,0,0,0,0,41128,-58,-152,36352,246,2023,-568,-205,-1584,-160,0,40731,500,-62,0,-23,-17,269,-858,243,-827,26,-9,0,-12,111502,1898,-1025,379,49,4,-21,-125,114266,-280,-476,-100434,882,-5897,-1749,-644,-4816,-533,-3,113204,1408,-229,-4,-79,-102,973,-2538,103,-288,662853
3543402,Ribeirão Preto,265904,-266,-1679,265904,694238,-784,1760,166707,11072,86568,448,0,-575,263713,1376,-77,90,0,-8,0,-370,165238,842,73,73,0,0,0,-303,10512,523,0,0,0,-8,0,0,86491,3,0,0,0,0,0,-3,265427,-291,-42,260630,455,1926,-1977,-49,-276,-47,-3,255645,9519,-162,0,-101,-121,863,-1076,528,-781,301,-230,6,0,687738,4463,-270,342,13,48,-6,-1191,692971,-1018,-147,-678863,1719,-6033,-5869,-237,-942,-241,-25,667753,24860,-542,-31,-383,-466,2804,-3547,278,-385,4190399
3543501,Riversul,2115,-5,0,2115,5593,-6,0,2115,0,0,0,0,0,1651,115,-31,305,0,0,0,0,1651,115,31,305,0,0,0,0,0,0,0,0,0,0,0,0,0,0,0,0,0,0,0,0,2104,0,-5,1517,32,87,-439,-6,0,0,0,1811,76,-209,0,0,-8,8,-448,8,-448,0,0,0,0,4443,317,-75,748,0,0,0,-3,5571,-4,-13,-4093,96,-243,-1086,-28,-14,-12,0,4823,194,-533,-5,0,-25,28,-1121,4,-102,29016
3543600,Rifaina,1451,0,-30,1451,3999,-3,30,1412,19,10,0,0,0,1253,140,-7,35,0,0,0,0,1229,125,7,35,0,0,0,0,6,13,0,0,0,0,0,0,10,0,0,0,0,0,0,0,1449,0,0,1263,5,149,-25,0,0,0,0,1294,137,-18,0,0,0,15,-173,7,-166,7,-6,0,0,3459,400,-23,98,0,0,-3,0,3994,0,-3,-3490,19,-413,-62,-5,0,0,-3,3564,392,-41,0,0,0,63,-466,16,-50,22569
3543709,Rincão,3315,0,-20,3315,9064,0,20,3227,79,0,0,0,0,3049,235,-19,5,0,0,0,0,2961,235,19,5,0,0,0,0,79,0,0,0,0,0,0,0,0,0,0,0,0,0,0,0,3309,0,0,2923,39,128,-200,-6,0,0,0,3166,82,-49,-9,0,-4,33,-228,33,-228,0,0,0,0,8345,642,-55,11,3,0,0,-3,9043,-18,0,-7995,122,-321,-581,-22,-11,0,0,8683,204,-130,-27,0,-15,117,-602,14,-67,51895
3543808,Rinópolis,3498,0,-40,3498,9216,0,40,3494,3,0,0,0,0,3172,254,-35,14,0,0,0,0,3168,254,35,14,0,0,0,0,3,0,0,0,0,0,0,0,0,0,0,0,0,0,0,0,3454,-41,0,3167,61,76,-179,0,-3,0,0,3176,29,-240,-20,0,-12,244,-68,244,-68,0,0,0,0,8361,681,-114,52,0,0,0,-3,9102,-109,0,-8352,165,-206,-476,0,-6,-3,0,8372,87,-645,-68,-4,-33,657,-191,60,-7,53728
3543907,Rio Claro,74059,-43,-402,74059,200259,-151,507,60739,1422,11735,54,0,0,72892,423,-262,218,6,-3,0,-113,59722,312,261,210,6,-3,0,-95,1286,104,0,8,0,0,0,-18,11729,0,0,0,0,0,0,0,73852,-87,-43,72099,99,811,-802,0,-34,-12,0,70784,2800,-280,0,-16,-37,196,-881,90,-844,102,-32,0,0,196955,1296,-822,635,31,31,-3,-419,199717,-352,-144,-194707,421,-2366,-2418,-25,-134,-85,-3,191648,7495,-848,-19,-46,-130,685,-2581,69,-322,1180245
3544004,Rio das Pedras,10670,-4,0,10670,31289,-20,0,10411,18,166,56,0,0,10083,376,-156,42,0,0,0,0,9827,373,156,42,0,0,0,0,16,0,0,0,0,0,0,0,166,0,0,0,0,0,0,0,10662,0,0,9981,48,485,-112,-26,-3,0,0,10077,417,-103,-11,-5,-44,173,-405,173,-402,0,0,0,0,29629,1094,-415,128,10,0,0,0,31274,-8,0,-29359,168,-1340,-315,-84,-12,-3,0,29605,1202,-301,-45,-17,-113,530,-1119,78,-117,175556
3544103,Rio Grande da Serra,15728,0,-87,15728,44030,-6,98,15585,0,94,27,0,0,15180,205,-163,76,0,0,0,-36,15040,204,163,76,0,0,0,-36,0,0,0,0,0,0,0,0,94,0,0,0,0,0,0,0,15666,-24,-6,12599,254,910,-576,-387,-586,-270,0,15280,245,-94,-6,0,-64,91,-405,91,-404,0,0,0,0,42552,622,-483,234,0,0,-6,-96,43862,-103,-43,-35104,884,-2688,-1671,-1186,-1651,-801,0,42773,740,-285,-25,-3,-191,334,-1124,26,-142,250739
3544202,Riolândia,3003,0,-159,3003,7883,-8,1335,3000,0,0,0,0,0,2817,126,-15,34,0,0,0,0,2816,126,15,34,0,0,0,0,0,0,0,0,0,0,0,0,0,0,0,0,0,0,0,0,2994,0,-3,2815,0,16,-156,0,-3,0,0,2823,94,-71,-5,0,0,7,-175,7,-172,0,0,0,0,7381,357,-46,91,0,0,0,0,7869,-7,-3,-7383,7,-44,-437,0,-3,0,0,7388,263,-198,-16,-5,-3,21,-476,0,-56,46881
3544251,Rosana,6529,-52,-9,6529,17246,-115,14,6494,16,0,0,0,0,5182,756,-461,0,61,0,37,-5,5153,753,459,0,61,0,36,-5,16,0,0,0,0,0,0,0,0,0,0,0,0,0,0,0,6469,-21,-18,5025,8,417,-1046,0,0,0,0,5420,130,-797,-89,-16,-36,60,-1274,60,-1268,0,0,0,0,13426,2219,-1285,30,171,5,-73,-27,17086,-83,-67,-13021,34,-1195,-2951,-8,-4,-11,0,14088,372,-2321,-275,-61,-117,198,-3618,17,-451,83797
3544301,Roseira,3637,0,0,3637,10828,-3,0,3623,4,4,0,0,0,3225,265,-59,78,0,0,0,0,3211,265,59,78,0,0,0,0,4,0,0,0,0,0,0,0,4,0,0,0,0,0,0,0,3618,-5,-6,3159,26,327,-95,-14,0,0,0,3494,65,-74,0,0,0,7,-395,7,-395,0,0,0,0,9518,809,-213,281,0,0,-4,0,10750,-38,-39,-9354,104,-1034,-283,-42,-3,0,0,10388,263,-175,0,0,0,46,-1259,0,-143,58151
3544400,Rubiácea,998,0,0,998,2693,0,0,998,0,0,0,0,0,898,94,-3,0,0,0,0,0,898,94,3,0,0,0,0,0,0,0,0,0,0,0,0,0,0,0,0,0,0,0,0,0,997,0,0,897,4,12,-78,0,0,0,0,947,22,-22,0,0,0,3,-92,3,-92,0,0,0,0,2416,269,-6,0,0,0,0,0,2692,0,0,-2413,12,-44,-214,0,0,-4,0,2560,64,-51,0,-12,-3,17,-258,0,-30,15267
3544509,Rubinéia,1497,0,0,1497,3815,-6,0,1478,14,4,0,0,0,1283,198,-9,0,0,0,0,-3,1264,198,9,0,0,0,0,-3,14,0,0,0,0,0,0,0,4,0,0,0,0,0,0,0,1494,0,0,1139,0,344,-3,0,0,0,0,1431,30,-34,0,0,0,41,-160,41,-160,0,0,0,0,3258,524,-23,0,0,0,0,-8,3805,-10,0,-2958,8,-831,-11,0,0,0,0,3658,85,-68,0,0,0,114,-441,9,-38,22490
3544608,Sabino,2035,0,0,2035,5112,0,0,1965,69,0,0,0,0,1816,171,-48,0,0,0,0,0,1747,170,48,0,0,0,0,0,69,0,0,0,0,0,0,0,0,0,0,0,0,0,0,0,2034,0,0,1777,15,190,-47,0,0,0,0,1902,26,-103,0,0,0,66,-151,66,-150,0,0,0,0,4551,453,-108,0,0,0,0,0,5110,0,0,-4469,46,-451,-138,0,0,0,0,4747,71,-286,-3,0,-3,193,-368,36,-31,30164
3544707,Sagres,917,0,0,917,2469,-4,0,916,0,0,0,0,0,761,138,-12,4,0,0,0,0,760,138,12,4,0,0,0,0,0,0,0,0,0,0,0,0,0,0,0,0,0,0,0,0,914,0,0,729,3,80,-98,0,0,0,0,818,27,-60,-6,0,0,44,-108,44,-108,0,0,0,0,2059,377,-22,11,0,0,0,0,2462,-4,-3,-1986,5,-210,-263,0,0,-4,0,2214,69,-152,-27,0,-7,116,-293,6,-29,13618
3544806,Sales,2466,0,0,2466,6400,0,21,2465,0,0,0,0,0,2208,244,-3,3,0,0,0,0,2207,244,3,3,0,0,0,0,0,0,0,0,0,0,0,0,0,0,0,0,0,0,0,0,2464,0,0,2204,15,167,-64,0,0,0,0,2334,35,-81,-5,0,-4,70,-181,70,-181,0,0,0,0,5741,632,-11,9,0,0,0,0,6395,0,-3,-5722,44,-448,-174,0,0,0,0,6040,87,-239,-17,-5,-10,167,-484,3,-34,37541
3544905,Sales Oliveira,4091,0,-27,4091,11362,-3,27,4072,8,4,5,0,0,3886,134,-9,49,0,0,0,0,3868,134,9,49,0,0,0,0,8,0,0,0,0,0,0,0,4,0,0,0,0,0,0,0,4084,0,0,3837,22,40,-165,0,0,0,0,3856,125,-84,-12,0,0,152,-39,152,-39,0,0,0,0,10785,406,-18,142,0,0,0,0,11343,-8,-7,-10661,78,-140,-458,0,-18,0,0,10708,351,-244,-44,0,-5,431,-134,49,-19,66228
3545001,Salesópolis,5393,0,-132,5393,15044,-4,138,5324,22,33,3,0,0,3308,386,-1024,619,0,0,0,-3,3239,386,1024,619,0,0,0,-3,22,0,0,0,0,0,0,0,33,0,0,0,0,0,0,0,5295,-61,-17,2969,46,1089,-1113,-8,-82,-33,0,3325,1491,-499,-3,0,-38,22,-2030,22,-2030,0,0,0,0,9201,1147,-2927,1705,10,3,-7,-14,14771,-206,-51,-8181,171,-3093,-3130,-44,-291,-107,0,9257,4293,-1322,-31,0,-124,107,-5728,4,-747,62831
3545100,Salmourão,1798,0,-20,1798,4788,0,20,1792,5,0,0,0,0,1665,125,0,0,0,0,0,0,1659,125,0,0,0,0,0,0,5,0,0,0,0,0,0,0,0,0,0,0,0,0,0,0,1797,0,0,1660,4,60,-62,0,0,0,0,1724,22,-39,-5,0,0,11,-115,11,-115,0,0,0,0,4408,369,0,6,0,0,0,0,4786,0,0,-4401,22,-178,-174,-3,0,-3,0,4597,69,-93,-26,0,0,35,-342,0,-44,27741
3545159,Saltinho,2913,0,0,2913,8155,0,0,2870,14,25,0,0,0,2447,171,-256,17,6,0,0,0,2405,170,256,17,6,0,0,0,14,0,0,0,0,0,0,0,25,0,0,0,0,0,0,0,2905,0,0,2433,0,148,-302,-6,-7,0,0,2817,75,-3,0,0,-3,24,-425,24,-424,0,0,0,0,6800,536,-734,55,16,0,0,-6,8128,-15,-9,-6763,8,-442,-884,-27,-20,-3,0,7873,247,-10,-3,0,-12,92,-1257,6,-144,42856
3545209,Salto,46786,-5,-190,46786,134069,-23,193,38647,2974,4996,62,0,-25,45325,967,-238,41,10,-9,95,-3,37392,792,235,41,10,-9,81,-3,2779,166,0,0,0,0,14,0,4991,0,0,0,0,0,0,0,46654,-81,0,43649,357,1955,-669,-19,-18,0,0,6631,39967,-49,0,-7,-31,377,-1019,371,-828,0,-187,3,0,129880,2881,-695,141,58,47,-280,-46,133692,-318,-32,-125133,1095,-5702,-1925,-58,-92,-17,0,19055,114634,-192,-4,-13,-114,1231,-2927,177,-305,769041
3545308,Salto de Pirapora,15302,0,-74,15302,43645,-7,87,14511,297,450,9,0,-11,14716,285,-177,51,0,0,0,0,13937,275,177,51,0,0,0,0,291,5,0,0,0,0,0,0,450,0,0,0,0,0,0,0,15227,-31,-7,11807,4,1908,-1473,0,-11,-11,0,11262,3890,-79,0,0,-30,37,-503,36,-493,0,-5,0,0,42030,862,-515,189,0,0,0,-10,43455,-122,-42,-33962,57,-5309,-4156,-20,-60,-43,0,32265,11012,-239,-10,0,-94,154,-1436,10,-152,244964
3545407,Salto Grande,3351,0,-30,3351,8985,0,52,3347,0,0,0,0,0,3070,226,-18,13,0,0,0,0,3066,226,18,13,0,0,0,0,0,0,0,0,0,0,0,0,0,0,0,0,0,0,0,0,3330,-10,0,2289,163,251,-600,0,-19,-3,0,3199,22,-88,-5,0,-25,80,-184,80,-184,0,0,0,0,8266,608,-38,41,0,0,-4,-16,8938,-29,-12,-6067,467,-678,-1708,0,-47,-10,0,8582,62,-248,-16,-8,-62,226,-486,24,-54,51697
3545506,Sandovalina,1219,-60,0,1219,3521,-124,0,1218,0,0,0,0,0,884,278,-31,19,0,0,0,0,883,278,31,19,0,0,0,0,0,0,0,0,0,0,0,0,0,0,0,0,0,0,0,0,1210,0,-3,884,0,23,-303,0,0,0,0,952,30,-217,-10,0,-8,0,-328,0,-328,0,0,0,0,2581,782,-86,58,0,0,-3,-11,3491,-13,-16,-2586,7,-58,-854,-7,-7,0,0,2780,94,-587,-36,0,-24,0,-938,0,-119,15704
3545605,Santa Adélia,5248,0,-28,5248,13957,-3,55,5195,29,23,0,0,0,4978,251,-9,0,0,0,0,0,4947,225,9,0,0,0,0,0,26,3,0,0,0,0,0,0,4,19,0,0,0,0,0,0,5244,0,0,4997,50,17,-169,0,0,0,0,5065,50,-116,-4,0,0,172,-89,148,-89,0,0,19,0,13254,665,-21,7,0,0,0,0,13948,-7,0,-13294,150,-45,-443,0,-7,-3,-4,13480,151,-304,-6,-4,0,451,-246,37,-16,83215
3545704,Santa Albertina,2569,0,-47,2569,6340,0,47,2568,0,0,0,0,0,2240,283,-35,4,0,0,0,0,2239,283,35,4,0,0,0,0,0,0,0,0,0,0,0,0,0,0,0,0,0,0,0,0,2556,-8,0,2207,17,99,-222,0,0,0,0,2278,179,-85,0,0,-10,57,-262,57,-262,0,0,0,0,5494,735,-94,11,0,0,0,0,6318,-18,0,-5419,50,-269,-577,-3,-3,-7,0,5586,490,-214,-7,0,-41,148,-695,6,-74,37117
3545803,Santa Bárbara d'Oeste,66064,0,-88,66064,183060,-21,145,56028,421,9446,8,0,0,65692,209,-65,34,0,0,0,0,55733,139,65,34,0,0,0,0,416,3,0,0,0,0,0,0,9379,64,0,0,0,0,0,0,66007,-3,0,65335,73,301,-250,0,-4,0,0,62636,3336,-30,0,0,-4,97,-221,30,-215,3,0,61,-3,182029,636,-198,120,0,3,-4,-21,182903,-103,-26,-180958,315,-890,-771,-19,-31,-31,-3,173750,9162,-82,-6,0,-17,281,-704,39,-74,1075279
3546009,Santa Branca,5161,0,0,5161,13962,-6,5,5100,42,4,4,0,0,3682,423,-607,321,60,-6,9,0,3640,407,605,320,60,-6,8,0,22,14,0,0,0,0,0,0,4,0,0,0,0,0,0,0,5128,-6,-15,3327,25,822,-661,-8,-251,-5,0,4569,482,-67,0,0,-4,26,-1428,26,-1409,0,-18,0,0,10145,1192,-1548,846,153,18,-26,0,13892,-25,-43,-9129,88,-2177,-1717,-43,-736,-46,0,12485,1262,-166,0,-3,-20,106,-3701,4,-404,69329
3546108,Santa Clara d'Oeste,946,0,-6,946,2588,0,6,943,0,0,0,0,0,756,184,0,0,0,0,0,0,754,183,0,0,0,0,0,0,0,0,0,0,0,0,0,0,0,0,0,0,0,0,0,0,945,0,0,746,0,194,0,0,0,0,0,865,22,-52,-3,0,0,0,-184,0,-183,0,0,0,0,2054,532,0,0,0,0,0,0,2585,0,-3,-2034,3,-545,0,0,0,0,0,2358,59,-156,-12,0,0,3,-529,0,-68,13897
3546207,Santa Cruz da Conceição,1631,0,0,1631,4271,-3,3,1614,10,7,0,0,0,1345,148,-85,40,0,0,0,0,1328,148,85,40,0,0,0,0,10,0,0,0,0,0,0,0,7,0,0,0,0,0,0,0,1630,0,0,1270,13,119,-216,0,0,0,0,1521,17,-73,-3,0,-3,57,-226,57,-226,0,0,0,0,3470,423,-252,118,0,0,-3,0,4270,0,0,-3267,52,-313,-626,0,-4,0,0,3958,62,-203,-10,-10,-24,164,-635,19,-60,23296
3546256,Santa Cruz da Esperança,764,0,0,764,2105,0,0,764,0,0,0,0,0,543,149,-7,56,0,0,0,0,543,149,7,56,0,0,0,0,0,0,0,0,0,0,0,0,0,0,0,0,0,0,0,0,760,0,-3,540,88,113,-15,0,-3,0,0,612,80,-53,0,-6,-8,105,-113,105,-113,0,0,0,0,1527,395,-19,148,0,0,0,-9,2091,0,-14,-1518,233,-296,-45,0,-5,0,0,1715,214,-135,-3,-18,-20,274,-300,15,-29,12183
3546306,Santa Cruz das Palmeiras,10416,0,-25,10416,28806,-3,44,10352,31,22,4,0,0,10092,154,-9,128,0,0,11,0,10029,154,9,127,0,0,11,0,31,0,0,0,0,0,0,0,22,0,0,0,0,0,0,0,10399,-3,0,10106,32,88,-116,-3,-21,-3,0,10179,63,-87,-14,0,-35,133,-171,133,-170,0,0,0,0,27876,462,-36,371,0,0,-41,-8,28754,-41,-5,-27929,118,-273,-367,-14,-67,-13,0,28150,205,-268,-49,-17,-100,392,-531,47,-62,167886
3546405,Santa Cruz do Rio Pardo,16711,0,-21,16711,46303,-11,84,16231,417,37,4,0,0,15520,848,-43,255,0,0,0,0,15049,840,43,255,0,0,0,0,417,0,0,0,0,0,0,0,31,6,0,0,0,0,0,0,16695,0,0,15277,56,443,-845,0,-7,-4,0,15673,678,-305,-11,-13,0,31,-1125,31,-1117,0,0,0,-5,43002,2423,-123,713,7,0,0,-4,46260,-28,-6,-42399,193,-1329,-2260,-19,-46,-13,0,43417,1924,-838,-51,-40,-12,133,-3150,7,-334,262566
3546504,Santa Ernestina,2201,0,0,2201,6108,0,0,2200,0,0,0,0,0,2107,76,-8,4,0,0,0,0,2106,76,8,4,0,0,0,0,0,0,0,0,0,0,0,0,0,0,0,0,0,0,0,0,2199,0,0,2127,0,59,-4,0,-5,0,0,2171,3,-17,0,0,0,8,-81,8,-81,0,0,0,0,5834,222,-28,14,0,0,0,-6,6101,0,-6,-5889,0,-175,-15,0,-22,-3,0,6009,16,-66,-7,-6,0,24,-246,0,-32,35189
3546603,Santa Fé do Sul,13400,0,-93,13400,34646,-9,93,12968,18,391,0,0,0,12806,478,-74,0,0,0,0,0,12415,441,68,0,0,0,0,0,18,0,0,0,0,0,0,0,351,35,-4,0,0,0,0,0,13384,-5,0,12824,7,183,-348,-4,0,0,0,13050,85,-178,-4,-12,-44,53,-503,31,-485,0,0,22,-17,33104,1298,-209,0,0,0,0,-3,34604,-35,0,-33159,28,-486,-945,-9,0,-3,0,33700,233,-508,-14,-34,-139,182,-1335,9,-96,205570
3546702,Santa Gertrudes,8137,0,-109,8137,23471,-7,110,7956,60,104,0,0,-4,8014,73,0,21,7,0,0,0,7848,64,0,18,3,0,0,0,50,7,0,3,0,0,0,0,104,0,0,0,0,0,0,0,8127,-4,-3,7990,24,27,-63,0,0,0,0,1786,6306,-27,0,0,0,6,-101,6,-86,0,-9,0,0,23100,248,-27,56,15,0,-16,0,23438,-27,-6,-23014,96,-127,-202,-5,-10,-5,0,5189,18170,-96,0,-4,-9,53,-313,3,-34,134519
3546801,Santa Isabel,18726,0,-100,18726,53003,-25,119,18156,223,314,10,0,0,13432,1554,-2784,637,63,0,112,-14,13134,1405,2768,628,63,0,12,-14,42,58,14,8,0,0,100,0,226,86,0,0,0,0,0,0,18459,-37,-178,9646,320,3181,-4312,-105,-958,-4,0,13927,4419,-304,0,0,0,266,-4938,197,-4733,9,-171,57,-28,38252,4411,-7853,1783,222,11,-336,-76,52235,-200,-538,-27114,1022,-9331,-12305,-363,-2703,-94,0,39543,12583,-793,-6,-7,-35,851,-13870,75,-1736,249023
3546900,Santa Lúcia,2463,-3,0,2463,7141,-7,0,2450,0,0,0,0,-10,2282,155,-4,18,0,0,0,0,2269,155,4,18,0,0,0,0,0,0,0,0,0,0,0,0,0,0,0,0,0,0,0,0,2461,0,0,2388,26,28,0,0,-8,-4,0,2385,20,-31,-6,0,-16,146,-32,146,-32,0,0,0,0,6584,484,-11,56,0,0,0,-4,7134,-7,0,-6925,84,-81,-5,0,-27,-15,0,6932,54,-84,-19,0,-50,462,-93,35,-11,41358
3547007,Santa Maria da Serra,1854,0,0,1854,5239,-3,0,1786,65,0,0,0,0,1666,138,-8,35,0,0,0,0,1663,75,8,35,0,0,0,0,0,63,0,0,0,0,0,0,0,0,0,0,0,0,0,0,1854,0,0,1653,32,108,-55,0,0,0,0,1734,74,-37,-3,0,0,61,-122,58,-61,0,-60,0,0,4733,383,-26,95,0,0,0,0,5239,0,0,-4694,103,-272,-166,0,0,0,0,4886,224,-108,-7,0,-12,186,-318,16,-24,29944
3547106,Santa Mercedes,1142,0,0,1142,2956,0,0,1141,0,0,0,0,0,1046,91,0,0,0,0,0,0,1045,91,0,0,0,0,0,0,0,0,0,0,0,0,0,0,0,0,0,0,0,0,0,0,1140,0,0,893,0,187,-57,0,0,0,0,1059,35,-33,-12,0,0,0,-93,0,-93,0,0,0,0,2707,234,-4,0,6,0,0,-5,2951,-3,0,-2332,0,-465,-155,0,0,0,0,2746,102,-79,-25,0,0,6,-243,0,-14,17107
3547205,Santana da Ponte Pensa,667,0,0,667,1670,0,0,665,0,0,0,0,0,514,146,-6,0,0,0,0,0,512,146,6,0,0,0,0,0,0,0,0,0,0,0,0,0,0,0,0,0,0,0,0,0,666,0,0,513,0,71,-80,0,0,0,0,522,52,-67,-5,0,-16,0,-149,0,-149,0,0,0,0,1272,375,-21,0,0,0,0,0,1668,0,0,-1274,0,-185,-210,0,0,0,0,1293,134,-182,-14,-5,-36,5,-388,0,-22,8755
3547304,Santana de Parnaíba,52310,0,-14,52310,154045,-29,18,40157,5956,6071,41,0,-6,49614,1128,-623,150,629,-5,3,-10,37839,826,592,150,593,-5,3,-10,5736,168,20,0,20,0,0,0,5934,116,0,0,12,0,0,0,52073,-102,-75,36959,2229,6201,-5533,-322,-867,-13,0,49137,3031,-21,0,-10,-16,222,-2370,172,-2058,17,-191,27,-100,145850,3592,-2010,498,1895,35,-21,-91,153441,-309,-262,-107940,6866,-19119,-16467,-814,-2689,-61,-5,145622,8150,-108,-3,-44,-72,894,-7273,97,-999,860782
3547403,Santa Rita d'Oeste,1089,0,0,1089,2733,0,0,1082,4,0,0,0,0,864,201,-16,0,0,0,0,0,857,201,16,0,0,0,0,0,4,0,0,0,0,0,0,0,0,0,0,0,0,0,0,0,1089,0,0,824,4,106,-143,0,0,-3,0,930,32,-92,-3,0,-27,0,-219,0,-219,0,0,0,0,2148,531,-47,4,0,0,0,0,2733,0,0,-2045,17,-295,-363,0,0,-10,0,2319,70,-239,-12,-4,-85,11,-574,0,-43,14519
3547502,Santa Rita do Passa Quatro,9460,0,-58,9460,24674,0,58,9380,69,3,0,0,0,8820,237,-44,341,0,0,0,0,8741,237,44,340,0,0,0,0,69,0,0,0,0,0,0,0,3,0,0,0,0,0,0,0,9453,0,0,8746,0,318,-338,-9,-14,-3,0,8929,223,-198,-11,0,-82,29,-597,29,-596,0,0,0,0,22879,694,-139,952,0,0,0,0,24661,-4,0,-22686,24,-868,-1001,-23,-43,-7,0,23175,638,-571,-43,0,-242,111,-1674,6,-207,143345
3547601,Santa Rosa de Viterbo,8597,0,-22,8597,23369,0,42,8503,58,12,4,0,0,8307,227,0,32,0,0,5,0,8221,219,0,32,0,0,5,0,50,8,0,0,0,0,0,0,12,0,0,0,0,0,0,0,8575,0,-10,8310,46,173,-37,0,0,-10,0,8337,147,-60,0,0,-42,23,-249,15,-249,8,0,0,0,22586,645,-3,96,0,3,-21,-7,23322,-16,-25,-22578,107,-502,-119,0,-18,-36,0,22648,436,-170,-10,0,-100,89,-691,3,-53,136841
3547650,Santa Salete,646,0,0,646,1643,0,0,646,0,0,0,0,0,487,148,-10,0,0,0,0,0,487,148,10,0,0,0,0,0,0,0,0,0,0,0,0,0,0,0,0,0,0,0,0,0,646,0,0,479,0,37,-128,0,0,0,0,534,54,-51,0,0,-3,0,-158,0,-158,0,0,0,0,1217,402,-22,0,0,0,0,0,1643,0,0,-1197,0,-94,-348,0,0,0,0,1339,154,-128,-5,-5,-10,3,-423,0,-24,8605
3547700,Santo Anastácio,6888,-3,-39,6888,17908,-4,46,6861,0,25,0,0,0,6428,356,-48,6,13,0,0,-6,6402,355,48,6,13,0,0,-6,0,0,0,0,0,0,0,0,25,0,0,0,0,0,0,0,6877,0,-4,6393,0,261,-206,0,0,0,0,6481,119,-212,-13,-3,-44,51,-397,51,-396,0,0,0,0,16669,993,-132,30,35,0,0,-34,17885,-5,-12,-16596,10,-740,-543,0,-3,-3,0,16830,317,-559,-54,-14,-125,164,-1072,19,-113,104067
3547809,Santo André,280354,-158,-2128,280354,745559,-428,2249,178963,2137,97286,1553,0,-12,277619,699,-556,201,524,0,0,-506,176821,163,556,200,521,0,0,-502,2136,0,0,0,0,0,0,0,96706,535,0,0,0,0,0,0,279655,-339,-151,266548,4092,2697,-2038,-418,-3245,-373,-44,265814,13843,-5,0,-69,-67,805,-1703,271,-1698,0,0,534,0,737974,1969,-1649,657,1544,26,-40,-1566,743714,-1230,-496,-706486,12436,-7948,-5897,-1269,-9651,-1303,-116,704895,39772,-70,-5,-273,-270,2397,-5059,351,-651,4466711
3547908,Santo Antônio da Alegria,2566,0,-18,2566,6756,0,18,2560,0,4,0,0,0,2066,198,-66,225,0,0,0,0,2060,198,66,225,0,0,0,0,0,0,0,0,0,0,0,0,4,0,0,0,0,0,0,0,2564,0,0,2036,14,115,-393,0,0,0,0,2095,387,-78,0,0,0,30,-463,30,-463,0,0,0,0,5449,524,-180,595,0,0,0,0,6750,-6,0,-5368,42,-298,-1041,0,0,0,0,5523,1026,-203,0,0,0,90,-1215,16,-143,36863
3548005,Santo Antônio de Posse,7986,-6,-28,7986,23161,-28,55,7782,13,144,33,0,0,7313,473,-86,65,3,-4,0,-11,7115,468,86,64,3,-4,0,-11,8,5,0,0,0,0,0,0,144,0,0,0,0,0,0,0,7419,-538,-9,6469,120,1150,-166,0,-12,0,0,7530,376,-59,-5,0,0,97,-546,92,-545,5,0,0,0,21108,1472,-315,212,11,5,0,-29,21436,-1686,-35,-18627,433,-3467,-521,-13,-53,-13,-4,21842,1096,-168,-18,-14,-13,331,-1709,30,-224,125174
3548054,Santo Antônio do Aracanguá,3135,0,-3,3135,8360,0,3,2939,189,0,0,0,0,2255,820,-26,12,0,0,0,0,2244,638,26,11,0,0,0,0,11,176,0,0,0,0,0,0,0,0,0,0,0,0,0,0,3131,0,0,2265,0,484,-369,0,0,0,0,2715,167,-231,-4,0,0,32,-829,32,-646,0,-177,0,0,6037,2171,-92,46,0,0,0,0,8353,-4,0,-6058,7,-1213,-1070,0,0,0,0,7173,473,-669,-30,-3,-3,102,-2211,9,-222,43291
3548104,Santo Antônio do Jardim,2146,0,0,2146,6126,0,0,2140,0,4,0,0,0,1381,261,-123,369,0,0,0,0,1376,260,123,369,0,0,0,0,0,0,0,0,0,0,0,0,4,0,0,0,0,0,0,0,2136,0,-5,1398,0,205,-479,0,-43,0,0,1567,465,-107,0,0,0,4,-750,4,-749,0,0,0,0,3879,806,-322,1111,0,0,-3,0,6095,-6,-21,-3920,0,-649,-1379,-14,-147,-11,0,4455,1343,-317,0,0,-4,22,-2221,0,-255,28670
3548203,Santo Antônio do Pinhal,2604,0,-11,2604,7118,0,11,2535,20,38,4,0,0,1382,197,-33,956,0,0,0,0,1335,186,33,948,0,0,0,0,0,5,0,5,0,0,0,0,38,0,0,0,0,0,0,0,2460,-9,-126,997,27,898,-364,-3,-250,-11,0,2150,382,-12,0,0,-45,67,-1134,63,-1116,3,-12,0,0,3800,566,-95,2633,0,0,-6,0,6727,-39,-347,-2724,104,-2481,-1004,-13,-716,-42,0,5890,1046,-35,0,0,-142,202,-3107,24,-369,33812
3548302,Santo Expedito,1194,0,0,1194,3000,0,0,1194,0,0,0,0,0,1105,82,0,0,0,0,0,0,1105,82,0,0,0,0,0,0,0,0,0,0,0,0,0,0,0,0,0,0,0,0,0,0,1191,0,0,1062,0,76,-47,0,0,0,0,1155,5,-28,0,0,0,35,-46,35,-46,0,0,0,0,2781,210,0,0,0,0,0,0,2997,0,0,-2666,0,-209,-119,0,-3,0,0,2920,16,-58,-4,0,0,85,-128,4,-12,18162
3548401,Santópolis do Aguapeí,1470,0,0,1470,3899,0,0,1470,0,0,0,0,0,1413,44,-7,0,0,0,0,0,1413,44,7,0,0,0,0,0,0,0,0,0,0,0,0,0,0,0,0,0,0,0,0,0,1469,0,0,1420,23,23,0,0,0,0,0,1425,0,-25,-3,-3,-10,16,-37,16,-37,0,0,0,0,3745,131,-18,3,0,0,0,0,3897,0,0,-3771,54,-69,0,0,0,0,0,3777,0,-70,-10,-10,-24,55,-99,0,-6,23085
3548500,Santos,167455,-9,-1317,167455,416760,-51,1599,50564,2476,112358,1441,0,-190,166047,594,-46,349,3,0,4,-224,49248,549,46,345,3,0,4,-216,2426,38,0,0,0,0,0,-6,112322,0,0,0,0,0,0,0,166584,-751,-16,160023,1056,766,-410,-2512,-2049,-210,0,117153,49173,-43,0,-554,-206,525,-708,475,-698,42,0,0,0,412878,1767,-180,1072,22,13,-41,-666,414882,-1713,-104,-396400,3525,-2333,-1289,-6436,-5918,-612,-10,284778,129597,-171,-9,-1446,-612,1650,-2142,179,-287,2567661
3548609,São Bento do Sapucaí,4283,0,-42,4283,11606,0,42,4131,6,137,0,0,0,2877,33,0,1338,0,0,0,0,2729,33,0,1334,0,0,0,0,6,0,0,0,0,0,0,0,137,0,0,0,0,0,0,0,4267,-8,0,2131,132,1031,-351,-35,-547,0,0,3700,499,-45,0,0,-11,105,-1274,105,-1270,0,0,0,0,7696,122,-42,3718,4,0,-10,0,11571,-17,-8,-5710,390,-2800,-1047,-103,-1520,-9,0,9927,1495,-128,-4,0,-40,366,-3536,36,-399,61314
3548708,São Bernardo do Campo,300644,-12,-531,300644,809581,-135,591,195708,4243,97331,2734,0,-50,297032,1530,-833,108,459,-7,46,-246,192871,881,833,104,456,-3,46,-213,4233,5,0,0,0,0,0,0,96589,632,0,4,3,-4,0,-28,300076,-131,-191,278055,3839,7080,-3029,-1654,-5817,-239,-25,261732,37926,-69,0,-374,-17,978,-2333,314,-2297,0,-5,657,-23,799357,4650,-2380,432,1313,60,-225,-964,808038,-727,-690,-745542,11287,-20628,-8978,-4833,-16842,-936,-98,699224,108436,-255,-10,-1214,-167,3210,-6849,336,-881,4803823
3548807,São Caetano do Sul,61987,0,-525,61987,164930,-39,528,27757,846,32558,699,0,0,61847,79,0,0,0,0,0,0,27743,0,0,0,0,0,0,0,846,0,0,0,0,0,0,0,32432,79,0,0,0,0,0,0,61962,-6,0,61884,31,0,0,0,0,0,0,59345,2512,0,0,0,0,79,0,0,0,0,0,79,0,164618,219,-12,0,0,24,0,-17,164879,-39,0,-164655,170,-7,-13,0,-14,-20,0,158165,6697,0,0,-3,-7,271,-6,0,0,989890
3548906,São Carlos,96611,-89,-637,96611,253661,-276,684,74180,6057,16027,42,0,-146,93347,2353,-240,271,59,0,12,-169,71270,2188,236,270,59,0,12,-16,5944,98,3,0,0,0,0,0,15940,64,0,0,0,0,0,0,96434,-55,-53,93306,43,2099,-916,-10,-38,-14,0,89630,6529,-297,-35,0,-11,897,-2237,802,-2014,13,-86,52,-9,244173,7065,-729,748,236,15,-54,-554,253218,-239,-158,-244053,227,-6269,-2770,-26,-154,-64,-4,235877,16645,-890,-106,-18,-69,2788,-6638,293,-780,1516166
3549003,São Francisco,1044,0,0,1044,2602,0,0,1044,0,0,0,0,0,849,176,-12,0,0,0,0,0,849,176,12,0,0,0,0,0,0,0,0,0,0,0,0,0,0,0,0,0,0,0,0,0,1042,0,0,847,10,83,-96,0,0,-3,0,862,44,-90,-6,-4,-35,13,-175,13,-175,0,0,0,0,2085,474,-35,4,0,0,0,0,2597,-3,0,-2078,18,-216,-272,0,0,-10,0,2119,109,-247,-17,-10,-98,54,-461,0,-35,14092
3549102,São João da Boa Vista,34670,0,-157,34670,92281,-16,182,31936,481,2166,55,0,0,33013,732,-132,713,0,0,0,-12,30314,719,132,713,0,0,0,0,481,0,0,0,0,0,0,0,2132,13,0,0,0,0,0,-12,34638,-12,0,32836,204,521,-925,-18,-41,-12,0,33077,1082,-365,-16,-3,-64,430,-1172,407,-1172,0,0,23,0,87633,2126,-400,2033,0,3,-3,-39,92213,-50,-5,-87175,642,-1478,-2648,-63,-168,-51,0,87917,3017,-1036,-52,-20,-202,1306,-3307,166,-393,544458
3549201,São João das Duas Pontes,980,0,0,980,2575,-5,0,980,0,0,0,0,0,835,137,-4,0,0,0,0,0,835,137,4,0,0,0,0,0,0,0,0,0,0,0,0,0,0,0,0,0,0,0,0,0,977,0,0,832,45,32,-64,0,0,0,0,879,44,-51,0,0,0,0,-137,0,-137,0,0,0,0,2145,419,-10,0,0,0,0,0,2568,-7,0,-2132,134,-108,-196,0,0,-4,0,2275,126,-170,-4,0,0,14,-414,0,-48,14462
3549250,São João de Iracema,687,0,0,687,1845,0,0,687,0,0,0,0,0,583,74,-26,0,0,0,0,0,583,74,26,0,0,0,0,0,0,0,0,0,0,0,0,0,0,0,0,0,0,0,0,0,687,0,0,568,0,22,-92,0,0,0,0,663,0,-20,0,0,0,0,-101,0,-101,0,0,0,0,1556,209,-74,4,0,0,0,0,1845,0,0,-1512,7,-65,-258,0,0,0,0,1779,4,-54,0,0,-4,0,-287,0,-28,9968
3549300,São João do Pau d'Alho,925,0,-6,925,2229,-6,6,921,4,0,0,0,0,823,95,0,0,0,0,0,0,819,95,0,0,0,0,0,0,4,0,0,0,0,0,0,0,0,0,0,0,0,0,0,0,925,0,0,812,0,104,-3,0,0,0,0,840,32,-49,0,0,0,10,-88,10,-88,0,0,0,0,1988,232,-5,4,0,0,0,0,2229,0,0,-1961,0,-255,-11,0,0,0,0,2021,85,-116,-4,0,0,24,-217,0,-16,13337
3549409,São Joaquim da Barra,17404,0,-94,17404,48446,0,94,16999,188,194,9,0,0,16740,482,-20,72,0,-4,20,-22,16338,482,20,72,0,-4,20,-22,188,0,0,0,0,0,0,0,192,0,0,0,0,0,0,0,17386,0,0,16987,54,136,-127,0,-55,-4,0,16886,348,-137,-9,0,0,371,-259,371,-259,0,0,0,0,46593,1421,-43,211,0,16,-85,-66,48398,-37,-3,-47337,177,-391,-323,-10,-173,-18,0,47073,968,-350,-27,-6,-10,1156,-681,153,-59,283434
3549508,São José da Bela Vista,2667,0,-22,2667,7597,-4,22,2664,0,0,0,0,0,2152,418,-8,83,0,0,0,0,2150,415,8,83,0,0,0,0,0,0,0,0,0,0,0,0,0,0,0,0,0,0,0,0,2589,0,-76,2391,27,116,-122,0,0,0,0,2441,131,-82,-4,0,0,62,-448,59,-448,0,0,0,0,6040,1298,-24,229,0,0,-4,0,7370,-3,-224,-6832,77,-338,-334,-8,-4,0,0,6975,373,-231,-10,0,-4,170,-1385,17,-184,40492
3549607,São José do Barreiro,1443,0,-8,1443,3828,-3,9,1432,0,8,0,0,0,1057,20,-10,341,0,0,0,0,1046,20,10,341,0,0,0,0,0,0,0,0,0,0,0,0,8,0,0,0,0,0,0,0,1431,-7,0,904,0,105,-271,0,-144,0,0,1166,157,-90,-3,0,-13,4,-374,4,-374,0,0,0,0,2790,83,-33,912,0,0,-5,0,3806,-18,-3,-2381,9,-291,-752,-9,-368,-8,0,3083,458,-229,-20,0,-34,16,-1018,0,-118,19350
3549706,São José do Rio Pardo,18747,0,-64,18747,51946,-6,77,18055,149,512,9,0,0,17160,550,-82,887,0,-4,0,-3,16507,519,77,885,0,-4,0,-3,116,24,4,0,0,0,0,0,511,0,0,0,0,0,0,0,18729,-3,0,16339,235,472,-796,-78,-700,-35,0,17344,550,-634,-32,-22,-107,284,-1248,281,-1212,0,-30,0,0,47355,1617,-249,2634,4,8,-7,-32,51901,-24,-12,-45122,660,-1411,-2394,-252,-1931,-139,0,47936,1592,-1862,-121,-83,-327,821,-3741,72,-477,291069
3549805,São José do Rio Preto,185594,-15,-882,185594,477318,-57,917,134330,12115,38725,93,0,-3,166523,18132,-278,142,30,0,31,-9,126065,7500,176,138,30,0,31,-3,8309,3738,3,4,0,0,0,0,31730,6811,-90,0,0,0,0,-3,184730,-620,-145,176500,490,4990,-3259,0,-11,0,0,177887,7269,-170,0,0,-5,12341,-6366,2935,-5024,2971,-785,6372,-518,428930,46453,-822,533,81,5,-141,-103,475015,-1859,-372,-452534,1522,-13933,-9027,-13,-76,-31,-3,459960,16619,-491,-25,-10,-60,30789,-17395,3015,-1971,2926377
3549904,São José dos Campos,247851,-17,-986,247851,695155,-119,1142,168451,7122,71415,328,0,-71,241159,2694,-874,1785,643,0,9,-272,163302,1310,860,1750,627,0,5,-225,6988,88,4,3,0,0,0,0,70056,1272,-3,0,0,0,0,-46,247230,-188,-272,235585,1763,3857,-4822,-327,-708,-123,0,229792,17201,-245,0,-7,-235,1502,-4898,545,-4354,59,-60,882,-438,676949,7513,-2551,4985,1867,43,-43,-988,693417,-689,-964,-659558,5487,-11429,-14511,-1107,-2271,-458,-19,648768,44679,-792,-17,-42,-641,4172,-13902,418,-1664,4027648
3549953,São Lourenço da Serra,5837,-4,-32,5837,15987,-10,55,5674,76,69,5,0,0,3432,981,-797,539,3,-8,0,-16,3317,967,792,512,3,-8,0,-16,50,3,3,20,0,0,0,0,58,5,0,5,0,0,0,0,5785,-4,-19,2373,100,1623,-1536,-19,-63,-8,0,4352,1309,-116,-6,0,-22,168,-2202,166,-2157,0,-23,0,-10,9493,2713,-2165,1459,11,26,-19,-77,15857,-41,-73,-6450,310,-4554,-4256,-95,-227,-48,0,11938,3636,-299,-14,0,-81,494,-5988,40,-713,73907
3550001,São Luiz do Paraitinga,4161,0,-22,4161,10296,0,30,4071,0,88,0,0,0,2334,217,-438,1147,0,0,0,0,2244,217,438,1147,0,0,0,0,0,0,0,0,0,0,0,0,88,0,0,0,0,0,0,0,4132,-4,-8,2205,11,617,-1117,-21,-154,-4,0,3148,873,-96,0,-5,-15,11,-1793,11,-1793,0,0,0,0,5751,568,-1088,2864,0,0,0,-6,10243,-24,-16,-5434,46,-1527,-2827,-58,-369,-16,0,7840,2140,-230,-3,-7,-65,74,-4460,0,-452,49121
3550100,São Manuel,13523,0,0,13523,37212,0,0,13478,8,23,6,0,0,12975,282,-34,191,0,0,0,0,12937,276,34,191,0,0,0,0,8,0,0,0,0,0,0,0,23,0,0,0,0,0,0,0,13509,0,0,12785,19,336,-257,0,-52,-3,0,13046,236,-124,-18,0,-59,146,-371,146,-364,0,0,0,0,35768,768,-103,537,0,3,0,-10,37185,-13,-3,-35294,66,-927,-695,0,-164,-22,0,35941,663,-358,-71,0,-158,382,-1044,32,-99,216015
3550209,São Miguel Arcanjo,11242,-3,-49,11242,31954,-29,49,11120,6,81,11,0,0,8259,1059,-1370,494,0,0,12,0,8143,1057,1369,492,0,0,12,0,6,0,0,0,0,0,0,0,81,0,0,0,0,0,0,0,11196,-16,0,6635,16,779,-3727,0,-7,-7,0,9406,1160,-590,-3,0,-41,151,-2803,151,-2797,0,0,0,0,23450,3224,-3834,1358,0,0,-56,0,31853,-75,-4,-18746,101,-2254,-10746,-11,-41,-24,0,26783,3335,-1659,-27,-3,-129,463,-8027,38,-1005,148705
3550308,São Paulo,4307309,-6497,-23985,4307309,11394071,-18390,27483,2762313,69599,1433560,29855,0,-1800,4270787,9314,-4830,1053,326,-46,449,-15810,2731791,5825,4770,1019,305,-42,436,-14780,69120,175,9,6,0,0,0,-192,1428905,3249,-22,16,10,-4,0,-100,4297324,-3563,-3086,4074286,22967,34331,-23359,-6972,-121710,-9250,-92,3947893,341087,-493,-9,-7344,-2182,10729,-21295,6795,-20539,226,-166,3293,-154,11288144,29856,-14818,3945,1363,514,-2303,-50197,11366880,-14839,-10245,-10707948,76341,-106996,-74169,-22750,-366919,-31074,-703,10433324,923195,-2032,-151,-23226,-7757,38436,-64836,5245,-11187,67946376
3550407,São Pedro,13918,-14,-34,13918,38091,-59,37,13543,253,92,3,0,-8,12665,652,-368,166,6,0,0,-3,12302,638,368,166,6,0,0,-3,244,7,0,0,0,0,0,0,92,0,0,0,0,0,0,0,13899,0,0,11751,162,1451,-477,0,0,0,0,13486,221,-121,-15,0,-42,483,-732,475,-726,4,0,0,0,34580,1879,-1016,545,26,0,-14,-13,38031,-26,-24,-31990,543,-4040,-1433,-12,-14,-14,-3,36873,613,-381,-71,-3,-137,1411,-2082,134,-203,219656
3550506,São Pedro do Turvo,2609,0,-3,2609,7210,-4,3,2600,0,0,0,0,-5,1984,379,-32,199,0,0,0,0,1975,379,32,199,0,0,0,0,0,0,0,0,0,0,0,0,0,0,0,0,0,0,0,0,2604,0,0,1990,0,149,-444,0,-6,0,0,2170,157,-232,-12,-12,-9,28,-580,28,-580,0,0,0,0,5496,1070,-97,540,0,0,0,0,7198,-7,0,-5504,3,-434,-1228,-7,-23,0,0,6010,455,-632,-43,-38,-22,109,-1598,13,-175,36471
3550605,São Roque,28460,-3,-109,28460,79276,-10,165,24858,1341,2138,56,0,-5,23175,1817,-2706,406,106,-3,21,-20,19931,1610,2577,402,106,-3,21,-17,1038,156,109,3,0,0,0,-3,2098,34,0,0,0,0,0,0,28350,-14,-33,17937,149,4204,-5069,-27,-823,-7,0,24486,3630,-190,-6,-9,-19,544,-4632,458,-4362,42,-242,33,0,64160,5340,-7880,1250,358,16,-92,-98,78981,-128,-137,-48462,529,-12197,-15192,-135,-2560,-90,-10,67801,10649,-622,-35,-34,-84,1703,-13374,108,-1771,407879
3550704,São Sebastião,28970,-4,-59,28970,81411,-27,115,27144,772,826,69,0,0,19979,521,-36,6504,0,0,1664,-51,18490,480,36,6255,0,0,1624,-44,552,22,0,144,0,0,6,0,785,0,0,14,0,0,10,0,28648,-83,-173,17591,918,7349,-2090,-420,-154,-101,0,22673,5752,-15,0,-3,-422,726,-8112,675,-7833,20,-161,3,-22,55259,1555,-194,19149,5,23,-4919,-220,80471,-357,-550,-48426,2995,-21011,-6493,-1379,-589,-356,-6,62978,16958,-73,-3,-29,-1321,2262,-23831,269,-3842,418233
3550803,São Sebastião da Grama,3862,0,-37,3862,10399,-5,37,3754,48,53,0,0,0,3300,87,-20,445,0,0,0,0,3193,87,20,444,0,0,0,0,48,0,0,0,0,0,0,0,53,0,0,0,0,0,0,0,3861,0,0,3109,378,73,-206,-12,-56,-7,0,3438,320,-75,-8,0,-14,180,-375,179,-375,0,0,0,0,8786,248,-51,1310,0,0,0,0,10396,-3,0,-8226,1104,-216,-620,-33,-163,-25,0,9224,889,-221,-30,0,-29,515,-1094,66,-136,61731
3550902,São Simão,4871,0,-36,4871,13388,0,36,4842,19,0,0,0,0,4418,286,-3,133,9,0,0,-5,4411,286,3,112,9,0,0,-5,0,0,0,19,0,0,0,0,0,0,0,0,0,0,0,0,4855,-9,0,4433,0,186,-235,0,0,-3,0,4505,100,-183,-14,-6,-42,35,-409,35,-388,0,-19,0,0,12203,776,-17,341,34,0,0,-10,13355,-26,0,-12220,13,-546,-591,-4,0,-4,0,12403,263,-505,-52,-17,-136,90,-1091,0,-105,74659
3551009,São Vicente,119677,-84,-4227,119677,324191,-355,4262,86238,2059,30095,479,0,-496,117751,239,0,188,12,0,73,-1256,84681,80,0,176,12,0,68,-1097,2050,0,0,4,0,0,0,0,29946,122,0,0,0,0,0,0,118992,-458,-119,108122,1976,2783,-755,-1834,-3313,-429,-3,106582,12588,-199,0,-55,-39,665,-1126,360,-1087,0,-5,124,0,318619,649,-42,555,41,16,-257,-3919,322277,-1469,-385,-289050,6482,-8506,-2456,-5808,-10171,-1480,-12,288304,34859,-545,-27,-201,-131,2070,-3426,371,-715,1902978
3551108,Sarapuí,3706,0,-24,3706,10289,-4,58,3671,7,15,0,0,0,3161,200,-165,116,5,0,0,-36,3128,200,164,116,5,0,0,-36,7,0,0,0,0,0,0,0,15,0,0,0,0,0,0,0,3490,0,-212,2155,14,502,-996,-19,0,0,0,2087,1512,-82,-8,0,0,66,-466,66,-464,0,0,0,0,8736,615,-459,335,24,0,-13,-101,9673,-3,-610,-6019,46,-1443,-2704,-66,-3,0,0,5752,4265,-231,-23,0,-10,217,-1331,23,-141,52478
3551207,Sarutaiá,1362,0,0,1362,3660,0,0,1362,0,0,0,0,0,1252,32,-9,64,0,0,0,0,1252,32,9,64,0,0,0,0,0,0,0,0,0,0,0,0,0,0,0,0,0,0,0,0,1359,0,0,1195,0,18,-126,-3,-11,0,0,1316,20,-18,0,0,0,34,-74,34,-74,0,0,0,0,3371,92,-21,172,0,0,0,-3,3649,-8,0,-3209,5,-47,-343,-13,-35,0,0,3546,46,-50,-5,0,-10,105,-181,11,-8,21176
3551306,Sebastianópolis do Sul,1246,0,0,1246,3124,0,0,1246,0,0,0,0,0,1040,202,0,0,0,0,0,0,1040,202,0,0,0,0,0,0,0,0,0,0,0,0,0,0,0,0,0,0,0,0,0,0,1245,0,0,1041,26,40,-135,0,0,0,0,1087,74,-80,-3,0,0,22,-181,22,-181,0,0,0,0,2612,508,0,0,0,0,0,0,3122,0,0,-2615,54,-131,-324,0,0,0,0,2716,187,-212,-4,-5,0,46,-466,5,-56,17760
3551405,Serra Azul,3085,-17,-17,3085,8990,-33,22,3076,0,3,0,0,0,2690,272,-65,42,0,0,0,0,2681,272,65,42,0,0,0,0,0,0,0,0,0,0,0,0,3,0,0,0,0,0,0,0,3073,-5,0,2682,4,201,-175,0,0,0,0,3001,18,-43,-3,0,-8,69,-315,69,-315,0,0,0,0,7971,730,-150,127,0,0,-3,0,8963,-21,0,-7951,15,-529,-473,0,-7,-4,0,8775,46,-123,-20,0,-22,195,-818,18,-71,49097
3551504,Serrana,14886,0,-56,14886,43775,-7,56,14288,4,540,17,0,-11,14706,147,0,11,3,0,0,0,14112,143,0,11,3,0,0,0,4,0,0,0,0,0,0,0,536,4,0,0,0,0,0,0,14878,-3,0,14681,21,93,-51,0,-12,0,0,14449,388,-32,0,0,0,32,-136,29,-136,0,0,3,0,43289,419,-15,34,4,0,0,-3,43752,-17,0,-43210,59,-281,-152,-5,-48,-3,0,42617,1041,-106,0,0,-8,115,-362,4,-30,249356
3551603,Serra Negra,11174,0,-64,11174,29798,-5,64,8962,285,1888,0,0,-3,9206,787,-151,961,13,0,0,0,7087,756,147,906,12,0,0,0,204,25,0,51,0,0,0,0,1882,4,0,0,0,0,0,0,11122,-18,-6,8114,129,2319,-446,-4,-81,0,0,10032,1023,-79,-6,0,-6,434,-1488,428,-1404,0,-76,4,0,24088,2411,-469,2735,49,0,-5,-15,29640,-104,-40,-20860,456,-6865,-1266,-43,-244,-21,0,26414,3056,-256,-17,0,-42,1287,-4407,120,-461,170295
3551702,Sertãozinho,45875,0,-48,45875,126731,-15,50,40341,593,4879,16,0,0,45399,283,-106,45,0,0,0,0,39895,256,106,45,0,0,0,0,586,3,0,0,0,0,0,0,4856,21,0,0,0,0,0,0,45815,-44,0,45435,99,113,-132,-4,-40,-15,0,45101,591,-65,0,-54,-13,145,-294,118,-294,3,0,21,0,125437,826,-278,136,5,8,0,-18,126583,-133,-3,-125507,316,-338,-376,-16,-105,-49,0,124847,1468,-219,0,-135,-36,445,-827,29,-88,744144
3551801,Sete Barras,4480,0,-17,4480,12685,-16,19,4386,30,51,0,0,0,2958,209,-626,610,0,0,22,-5,2895,205,607,600,0,0,22,-5,0,3,15,8,0,0,0,0,51,0,0,0,0,0,0,0,4413,-31,0,2484,55,1250,-407,-213,-3,-6,-3,3820,337,-286,-3,0,-3,52,-1443,52,-1410,0,-30,0,0,8510,615,-1725,1720,11,0,-77,-11,12475,-165,-30,-7156,173,-3476,-1157,-613,-15,-48,-13,10857,984,-803,-13,0,-16,181,-3985,18,-564,57969
3551900,Severínia,5058,0,-30,5058,14534,0,42,5044,4,7,0,0,0,4838,210,0,0,0,0,0,0,4824,210,0,0,0,0,0,0,4,0,0,0,0,0,0,0,7,0,0,0,0,0,0,0,5051,0,0,4839,120,12,-61,-3,0,0,0,4948,34,-54,0,0,-12,148,-62,148,-62,0,0,0,0,13866,658,0,0,0,0,0,-3,14510,-19,0,-13849,398,-62,-173,-20,-13,-5,-6,14215,110,-156,-4,-4,-39,477,-184,46,-19,84580
3552007,Silveiras,2230,0,-10,2230,6174,0,10,2226,0,0,0,0,0,1245,88,-60,797,0,0,6,0,1242,88,60,796,0,0,6,0,0,0,0,0,0,0,0,0,0,0,0,0,0,0,0,0,2223,0,0,1142,16,154,-511,-5,-367,0,0,1648,356,-201,0,0,-3,38,-922,38,-921,0,0,0,0,3505,285,-166,2148,0,0,-33,-13,6158,-11,0,-3242,72,-432,-1462,-12,-943,-3,0,4615,983,-540,-3,0,-22,146,-2515,10,-317,28021
3552106,Socorro,15111,0,-91,15111,39982,-7,114,13583,77,1403,8,0,-9,9151,1875,-1984,1981,0,0,4,-3,7643,1862,1983,1975,0,0,4,-3,69,3,0,3,0,0,0,0,1402,0,0,0,0,0,0,0,15049,-41,0,8674,48,2483,-2901,-83,-736,-21,0,11390,3317,-296,-12,0,-20,371,-5510,371,-5492,0,-7,0,0,23592,5254,-5508,5521,0,11,-21,-35,39819,-129,-20,-22254,187,-7020,-7967,-273,-2099,-98,0,30063,8903,-833,-46,0,-88,1076,-15280,88,-1571,189103
3552205,Sorocaba,261524,-105,-1303,261524,719468,-389,1479,186743,16847,56908,435,0,-113,257948,1609,-430,112,109,-14,25,-878,183730,1200,403,108,96,-14,25,-830,16408,396,15,0,0,0,0,-3,56848,3,0,0,0,0,0,-11,260978,-152,-109,253148,1082,3451,-2141,-23,-964,-45,0,77484,183348,-136,-3,-18,-74,956,-2304,867,-1870,29,-383,22,0,709258,4674,-1372,395,348,93,-99,-2981,717965,-892,-458,-695878,3241,-9911,-6434,-120,-3233,-309,-16,217054,501079,-626,-20,-115,-371,3352,-6673,605,-862,4220710
3552304,Sud Mennucci,2810,0,0,2810,7351,0,0,2796,10,0,0,0,0,2430,350,-14,4,0,0,0,0,2417,349,14,4,0,0,0,0,10,0,0,0,0,0,0,0,0,0,0,0,0,0,0,0,2809,0,0,2453,4,101,-242,0,0,0,0,2565,104,-88,-14,0,-25,38,-327,38,-326,0,0,0,0,6287,1008,-37,10,0,0,0,0,7348,0,-3,-6348,16,-302,-676,-3,0,0,0,6670,307,-253,-54,0,-65,114,-937,3,-120,41396
3552403,Sumaré,98544,-15,-53,98544,279321,-63,118,78625,3816,15225,181,0,-544,95002,1709,-849,85,632,0,14,-50,76176,923,806,79,442,0,14,-27,3748,43,0,6,0,0,0,-8,14708,465,0,0,14,0,0,-9,97528,-844,-97,92126,437,604,-2442,-98,-2375,-171,0,92495,5676,-103,0,-15,-133,701,-2678,189,-2122,53,-6,437,-56,269137,5118,-2584,321,1756,5,-67,-241,276462,-2541,-279,-260714,1400,-1891,-7443,-411,-6777,-527,-15,263522,14880,-359,-19,-69,-421,2239,-7880,254,-1422,1588162
3552502,Suzano,105737,-14,-166,105737,306808,-75,214,84528,2977,17730,212,0,-55,100288,2153,-1588,187,277,0,3,-828,79299,2034,1575,177,222,0,3,-810,2926,13,3,7,0,0,0,-13,17639,82,0,0,0,0,0,0,104001,-654,-870,94039,658,4797,-3389,-423,-1669,-125,0,99981,5089,-335,0,-15,-65,605,-4540,520,-4419,0,-40,83,0,290887,6474,-4993,647,910,20,-43,-2689,302064,-1856,-2787,-271375,2523,-14436,-10826,-1479,-5401,-484,-18,290062,15137,-1091,-23,-94,-292,2284,-13530,274,-1994,1698382
3552551,Suzanápolis,1279,0,0,1279,3407,0,0,1279,0,0,0,0,0,1020,242,-3,0,0,0,0,-6,1020,242,3,0,0,0,0,-6,0,0,0,0,0,0,0,0,0,0,0,0,0,0,0,0,1274,0,0,1011,45,42,-174,0,0,0,0,1062,39,-156,-11,0,-3,34,-218,34,-218,0,0,0,0,2699,680,-7,0,0,0,0,-13,3393,-8,0,-2663,132,-125,-479,0,0,0,0,2802,115,-438,-28,-3,-15,99,-605,7,-56,18004
3552601,Tabapuã,4328,0,-52,4328,11240,-4,52,4325,0,0,0,0,0,3998,322,0,0,0,0,0,0,3996,321,0,0,0,0,0,0,0,0,0,0,0,0,0,0,0,0,0,0,0,0,0,0,4328,0,0,3997,36,137,-142,0,-3,0,0,4052,104,-128,0,0,-28,123,-201,122,-201,0,0,0,0,10291,932,-5,7,0,0,0,0,11240,0,0,-10295,108,-397,-420,0,-11,-4,0,10454,307,-366,-26,0,-80,376,-570,45,-57,66579
3552700,Tabatinga,5512,0,-20,5512,14728,0,20,5499,0,0,8,0,0,5019,245,-213,18,0,0,0,-4,5007,245,213,17,0,0,0,-4,0,0,0,0,0,0,0,0,0,0,0,0,0,0,0,0,5502,-4,0,4970,208,84,-161,-8,-51,-5,0,5060,158,-247,-23,0,-14,53,-426,53,-425,0,0,0,0,13379,709,-557,60,0,0,0,-15,14697,-21,-7,-13267,595,-214,-460,-26,-124,-25,0,13483,449,-685,-59,0,-40,165,-1178,15,-126,83274
3552809,Taboão da Serra,99418,-8,-82,99418,273306,-64,109,75313,677,22704,478,0,-35,98760,142,-14,133,58,0,23,-188,74710,116,14,133,58,0,23,-177,661,14,0,0,0,0,0,0,22680,9,0,0,0,0,0,0,99243,-24,-61,95370,517,923,-440,-297,-1501,-31,0,88811,9896,0,0,-539,-7,261,-304,239,-285,3,-12,13,0,271389,472,-71,396,187,3,-77,-654,272859,-163,-213,-261693,1798,-2820,-1330,-865,-4460,-172,-7,243536,28001,-15,0,-1592,-107,918,-951,102,-129,1604506
3552908,Taciba,2323,0,0,2323,6257,0,0,2323,0,0,0,0,0,1983,262,0,67,0,0,0,0,1983,262,0,67,0,0,0,0,0,0,0,0,0,0,0,0,0,0,0,0,0,0,0,0,2322,0,0,1985,125,79,-118,0,0,0,0,2090,45,-118,0,-15,-30,3,-331,3,-331,0,0,0,0,5326,738,-4,174,0,5,0,0,6255,0,0,-5333,349,-228,-312,-12,0,-14,0,5626,140,-326,-22,-46,-88,20,-907,3,-90,34813
3553005,Taguaí,4353,0,-9,4353,12657,-3,9,4336,11,0,0,0,0,3894,113,-66,261,0,0,3,-5,3885,109,65,260,0,0,3,-3,4,4,0,0,0,0,0,0,0,0,0,0,0,0,0,0,4342,0,-4,3890,15,127,-274,0,0,-20,0,4162,77,-72,0,-3,-30,17,-433,13,-429,4,0,0,0,11287,355,-183,792,9,0,-7,-17,12626,-13,-12,-11274,57,-403,-828,0,-7,-77,0,12088,224,-224,-11,-13,-97,70,-1297,14,-180,68495
3553104,Taiaçu,2086,0,0,2086,5677,0,0,2085,0,0,0,0,0,1948,126,-5,0,0,0,0,0,1947,126,5,0,0,0,0,0,0,0,0,0,0,0,0,0,0,0,0,0,0,0,0,0,2086,0,0,1947,0,37,-96,0,0,0,0,1975,20,-78,-10,0,0,0,-133,0,-133,0,0,0,0,5312,340,-15,10,0,0,0,0,5677,0,0,-5304,3,-94,-256,0,-13,-4,-3,5385,52,-213,-26,0,0,0,-364,0,-30,32153
3553203,Taiúva,2091,0,0,2091,5516,0,0,2089,0,0,0,0,0,1962,119,0,0,0,0,0,0,1960,119,0,0,0,0,0,0,0,0,0,0,0,0,0,0,0,0,0,0,0,0,0,0,2089,0,0,1967,0,7,-113,0,0,0,0,1981,35,-72,0,0,0,66,-59,66,-59,0,0,0,0,5164,332,-12,7,0,0,0,0,5511,-5,0,-5172,4,-29,-311,0,0,0,0,5213,99,-196,-3,0,-5,198,-154,22,-14,32504
3553302,Tambaú,7619,0,-48,7619,21366,-4,52,7477,122,17,0,0,0,7106,274,-49,165,3,0,0,0,6965,273,49,165,3,0,0,0,122,0,0,0,0,0,0,0,17,0,0,0,0,0,0,0,7610,0,0,6897,7,350,-335,-6,0,0,0,7131,123,-236,-10,0,-92,3,-496,3,-495,0,0,0,0,19934,796,-147,458,9,0,-7,-3,21343,-12,-6,-19386,21,-937,-978,-24,0,-3,-3,20050,345,-670,-37,-3,-249,36,-1390,0,-185,118719
3553401,Tanabi,9549,0,-40,9549,25213,-7,40,9492,7,39,0,0,0,8564,892,-42,13,0,0,0,0,8537,863,41,13,0,0,0,0,7,0,0,0,0,0,0,0,10,29,0,0,0,0,0,0,9529,-8,0,8567,80,466,-397,0,-3,0,0,8767,238,-479,-4,-6,-14,205,-737,185,-726,0,0,20,-9,22498,2530,-109,56,0,0,0,0,25158,-40,-5,-22517,245,-1297,-1099,-3,-19,-8,0,23035,666,-1373,-29,-23,-62,604,-2091,45,-223,144382
3553500,Tapiraí,2808,0,0,2808,7958,-13,0,2790,9,7,0,0,0,1832,133,-240,566,0,0,0,0,1814,133,240,566,0,0,0,0,9,0,0,0,0,0,0,0,7,0,0,0,0,0,0,0,2756,-14,-28,1720,12,307,-683,-9,-24,-5,-17,2209,435,-126,0,0,-4,95,-864,95,-864,0,0,0,0,5288,399,-661,1566,0,6,-21,-5,7784,-61,-104,-4959,80,-801,-1901,-30,-86,-26,-68,6420,1132,-349,-10,0,-33,272,-2390,27,-326,37561
3553609,Tapiratiba,4204,0,-58,4204,11751,0,61,4196,3,3,0,0,0,3836,106,-33,206,0,0,5,-4,3832,103,33,206,0,0,5,-4,0,3,0,0,0,0,0,0,3,0,0,0,0,0,0,0,4202,0,0,3775,51,262,-67,0,-28,0,0,3962,119,-86,0,0,-23,69,-286,69,-283,0,-3,0,0,10686,331,-97,606,0,0,-15,-9,11744,-5,0,-10483,174,-797,-203,-8,-71,-3,0,11062,337,-265,0,0,-81,226,-830,36,-97,66632
3553658,Taquaral,949,0,0,949,2619,0,0,949,0,0,0,0,0,910,30,-4,0,0,0,0,0,910,30,4,0,0,0,0,0,0,0,0,0,0,0,0,0,0,0,0,0,0,0,0,0,944,0,0,911,0,5,-27,0,0,0,0,939,0,-9,0,0,0,0,-34,0,-34,0,0,0,0,2501,109,-6,0,0,0,0,0,2605,-9,0,-2498,7,-17,-92,-3,0,0,0,2587,0,-31,0,0,0,5,-109,0,-13,15077
3553708,Taquaritinga,19809,-3,-133,19809,52098,-14,135,19394,63,314,18,0,0,18929,674,-135,25,0,0,0,0,18518,669,135,25,0,0,0,0,58,4,0,0,0,0,0,0,313,0,0,0,0,0,0,0,19778,-7,0,18969,57,119,-563,-22,-44,0,0,19037,173,-418,-43,0,-105,84,-758,84,-754,0,-3,0,0,49672,1913,-373,98,8,0,0,-3,52021,-44,-19,-49781,164,-345,-1580,-68,-121,-13,-5,49989,496,-1197,-111,-19,-269,262,-2139,24,-227,304622
3553807,Taquarituba,8367,0,-44,8367,23139,-4,44,8315,18,25,0,0,0,7457,230,-132,535,0,0,0,0,7407,229,132,534,0,0,0,0,18,0,0,0,0,0,0,0,25,0,0,0,0,0,0,0,8347,-7,0,7359,3,372,-565,-29,-5,0,0,7645,212,-416,-9,-3,-59,120,-771,118,-771,0,0,0,0,20497,658,-401,1566,0,0,0,-7,23083,-45,0,-20246,32,-1085,-1636,-88,-27,-10,0,21055,605,-1222,-48,-14,-175,394,-2233,48,-230,126674
3553856,Taquarivaí,2331,0,-3,2331,6868,0,3,2304,0,24,0,0,0,1829,254,-61,149,0,0,0,-15,1805,253,61,147,0,0,0,-15,0,0,0,0,0,0,0,0,24,0,0,0,0,0,0,0,2322,0,0,948,51,231,-1081,0,0,0,0,1878,375,-60,0,0,0,17,-470,17,-467,0,0,0,0,5351,774,-178,497,4,0,-3,-51,6852,-6,-3,-2762,156,-694,-3236,0,0,-9,0,5538,1121,-179,-8,0,-7,80,-1434,3,-207,33649
3553906,Tarabai,2319,-3,-10,2319,6510,-6,10,2319,0,0,0,0,0,2127,180,-4,0,0,0,0,0,2127,180,4,0,0,0,0,0,0,0,0,0,0,0,0,0,0,0,0,0,0,0,0,0,2317,0,0,2109,0,123,-74,-3,0,0,0,2174,19,-88,-11,0,-19,0,-186,0,-186,0,0,0,0,5979,513,-9,3,0,0,0,-4,6508,0,0,-5913,17,-339,-227,-13,0,0,0,6102,59,-252,-32,0,-59,6,-523,0,-52,36011
3553955,Tarumã,5231,0,-7,5231,14875,0,7,5203,18,6,0,0,0,5024,160,-24,10,0,0,0,0,4996,160,24,10,0,0,0,0,18,0,0,0,0,0,0,0,6,0,0,0,0,0,0,0,5229,0,0,5020,3,81,-121,0,0,0,0,5039,73,-111,0,0,-4,6,-197,6,-197,0,0,0,0,14288,481,-62,28,0,0,-5,-5,14866,-4,-5,-14281,15,-222,-354,0,0,0,0,14349,213,-292,0,0,-21,23,-561,0,-76,84150
3554003,Tatuí,44199,0,-116,44199,123688,-9,159,41490,1020,1600,14,0,0,41860,1887,-202,105,0,0,17,-3,39379,1666,201,105,0,0,17,-3,801,218,0,0,0,0,0,0,1596,0,0,0,0,0,0,0,43723,-45,-370,39485,37,3142,-1188,-3,-127,-9,0,40953,2932,-152,0,0,-56,440,-1808,440,-1586,0,-218,0,0,117202,5402,-609,303,0,0,-55,-52,122405,-175,-1072,-110520,204,-8811,-3529,-28,-455,-48,-3,115118,7850,-479,-11,-5,-180,1342,-5107,150,-620,707695
3554102,Taubaté,112832,-10,-530,112832,309631,-74,589,85625,3980,22944,33,0,-7,109664,1253,-781,881,11,0,0,-16,82805,955,758,872,11,0,0,-9,3829,121,15,0,0,0,0,-6,22764,168,0,3,0,0,0,0,112640,-38,-37,107142,421,2754,-1799,-26,-201,-104,0,102226,10351,-75,-7,0,-6,203,-2787,156,-2490,0,-146,35,-138,300635,3904,-2192,2539,36,18,-28,-131,309116,-251,-183,-293254,1487,-8081,-5438,-127,-650,-400,0,282068,27072,-274,-26,-34,-40,799,-8099,87,-1014,1806756
3554201,Tejupá,1434,0,0,1434,4127,0,0,1433,0,0,0,0,0,1017,161,-7,244,0,0,0,0,1016,161,7,244,0,0,0,0,0,0,0,0,0,0,0,0,0,0,0,0,0,0,0,0,1429,-3,0,863,21,73,-238,-51,-146,-23,0,1049,164,-208,0,-3,0,14,-399,14,-399,0,0,0,0,2905,491,-17,703,9,0,0,0,4113,-14,0,-2482,59,-208,-734,-142,-428,-62,0,3002,467,-624,-8,-16,-6,47,-1175,0,-147,19161
3554300,Teodoro Sampaio,8104,0,-42,8104,22118,-3,46,7683,399,9,3,0,0,7052,759,-255,5,10,0,0,-8,6632,759,255,5,10,0,0,-8,399,0,0,0,0,0,0,0,9,0,0,0,0,0,0,0,8084,0,-11,6887,13,370,-800,-11,0,0,0,6889,132,-905,-101,0,-50,88,-956,88,-956,0,0,0,0,19133,2208,-713,23,10,0,0,-22,22087,-12,-11,-18671,41,-1073,-2309,-15,0,0,0,18664,374,-2613,-298,-6,-149,271,-2708,42,-358,114701
3554409,Terra Roxa,2925,0,-16,2925,7867,0,32,2925,0,0,0,0,0,2533,260,-114,11,0,0,0,0,2533,260,114,11,0,0,0,0,0,0,0,0,0,0,0,0,0,0,0,0,0,0,0,0,2922,0,0,2825,7,0,-77,0,0,-6,0,2860,19,-17,-7,0,-13,205,-181,205,-181,0,0,0,0,6717,766,-331,49,0,0,0,0,7856,-3,-8,-7557,22,0,-239,0,-8,-33,0,7686,67,-41,-26,0,-44,559,-591,53,-80,45641
3554508,Tietê,13833,0,-95,13833,37541,-3,108,12961,215,633,14,0,0,12805,802,-100,89,5,0,3,0,11942,797,100,88,0,0,3,0,211,4,0,0,0,0,0,0,633,0,0,0,0,0,0,0,13827,0,0,12310,39,1212,-230,0,0,0,0,13161,529,-113,-3,0,0,94,-912,93,-904,0,-4,0,0,34616,2365,-277,257,7,0,-6,0,37528,-6,0,-33229,117,-3460,-680,0,-30,-4,0,35710,1455,-327,-12,0,-13,301,-2617,16,-305,216927
3554607,Timburi,975,0,-13,975,2451,0,13,975,0,0,0,0,0,758,36,0,173,0,0,0,0,758,36,0,173,0,0,0,0,0,0,0,0,0,0,0,0,0,0,0,0,0,0,0,0,974,0,0,745,3,87,-127,0,0,0,0,886,60,-27,0,0,0,35,-178,35,-178,0,0,0,0,1866,96,0,483,0,3,0,0,2448,-3,0,-1832,8,-230,-358,-4,-6,0,0,2225,157,-64,0,0,-4,106,-479,7,-49,13995
3554656,Torre de Pedra,814,0,0,814,2046,0,0,813,0,0,0,0,0,727,10,-13,47,0,0,0,-7,726,10,13,47,0,0,0,-7,0,0,0,0,0,0,0,0,0,0,0,0,0,0,0,0,812,0,0,564,26,158,-43,-3,0,0,0,720,92,0,0,0,0,35,-47,35,-47,0,0,0,0,1834,32,-34,118,3,0,0,-17,2039,-5,0,-1452,59,-399,-112,-16,0,-3,0,1827,212,-4,0,0,-3,77,-132,0,-10,12356
3554706,Torrinha,3418,0,-53,3418,9275,-3,53,3415,0,0,0,0,0,2988,295,-24,84,0,0,13,-4,2985,295,24,84,0,0,13,-4,0,0,0,0,0,0,0,0,0,0,0,0,0,0,0,0,3416,0,0,2985,35,203,-180,0,-3,0,0,3042,230,-105,-4,0,-30,51,-372,51,-372,0,0,0,0,8028,871,-72,247,0,0,-31,-17,9273,0,0,-8031,105,-620,-494,0,-6,-12,0,8194,667,-298,-24,0,-91,171,-1067,20,-105,51927
3554755,Trabiju,598,0,0,598,1680,0,0,598,0,0,0,0,0,551,38,0,9,0,0,0,0,551,38,0,9,0,0,0,0,0,0,0,0,0,0,0,0,0,0,0,0,0,0,0,0,598,0,0,544,0,44,-7,0,0,0,0,556,16,-25,0,0,0,3,-43,3,-43,0,0,0,0,1557,92,0,31,0,0,0,0,1680,0,0,-1524,0,-125,-26,0,0,0,0,1565,38,-75,0,0,0,6,-115,0,-14,9406
3554805,Tremembé,15140,0,-74,15140,44335,-7,109,13046,1438,599,17,0,-3,14414,105,-457,76,0,0,21,-3,12324,104,455,76,0,0,21,-3,1434,0,0,0,0,0,0,0,599,0,0,0,0,0,0,0,15081,-8,-22,13734,14,530,-664,-60,-30,-3,0,14465,488,-129,0,0,-20,41,-642,38,-639,0,-3,0,0,42043,357,-1552,251,0,0,-81,-29,44176,-72,-69,-39917,99,-1690,-2215,-209,-127,-15,-4,42380,1416,-438,-10,-7,-68,216,-2058,23,-303,243174
3554904,Três Fronteiras,2587,0,-4,2587,6800,0,4,2580,3,0,0,0,0,2351,203,-19,0,0,0,0,0,2346,202,19,0,0,0,0,0,3,0,0,0,0,0,0,0,0,0,0,0,0,0,0,0,2584,0,0,2292,75,103,-96,0,0,0,0,2366,42,-103,0,0,-66,15,-210,13,-210,0,0,0,0,6199,534,-61,0,0,0,0,0,6792,-5,0,-6040,199,-284,-273,0,0,0,0,6225,119,-270,-4,-3,-173,46,-551,0,-48,38869
3554953,Tuiuti,2527,0,0,2527,6778,0,0,2523,0,0,0,0,0,1302,882,-226,97,0,0,0,0,1300,881,226,97,0,0,0,0,0,0,0,0,0,0,0,0,0,0,0,0,0,0,0,0,2517,-3,0,694,62,1648,-91,0,-4,0,0,2174,247,-32,0,0,-44,680,-526,679,-525,0,0,0,0,3430,2446,-609,283,0,0,0,0,6757,-17,0,-1851,163,-4466,-253,-8,-17,-3,0,5810,713,-101,0,-6,-130,1865,-1478,206,-162,38962
3555000,Tupã,24061,-7,-334,24061,63301,-17,342,23300,130,571,23,0,0,22576,1315,-72,24,0,0,0,0,21833,1300,72,24,0,0,0,0,120,10,0,0,0,0,0,0,565,3,0,0,0,0,0,0,23987,-45,0,22523,163,691,-619,0,0,0,0,22971,473,-448,-35,-7,-64,85,-1353,78,-1343,0,-8,3,0,59155,3774,-216,106,4,0,-5,0,63116,-161,0,-59007,534,-2007,-1706,0,-6,-7,0,60271,1316,-1317,-122,-31,-208,289,-3833,24,-398,369818
3555109,Tupi Paulista,5569,0,-30,5569,14014,0,30,5524,12,31,0,0,0,5015,521,-20,0,0,0,0,0,4970,521,20,0,0,0,0,0,12,0,0,0,0,0,0,0,31,0,0,0,0,0,0,0,5559,0,-4,4917,7,267,-359,0,0,0,0,4962,264,-293,-27,-3,-7,37,-508,37,-508,0,0,0,0,12627,1322,-54,3,0,0,0,0,13993,-6,-9,-12388,26,-683,-905,0,0,-3,0,12499,660,-762,-61,-7,-13,117,-1268,3,-78,81143
3555208,Turiúba,756,0,0,756,1818,0,0,756,0,0,0,0,0,632,114,-6,3,0,0,0,0,632,114,6,3,0,0,0,0,0,0,0,0,0,0,0,0,0,0,0,0,0,0,0,0,750,-5,0,630,33,77,-10,0,0,0,0,658,33,-33,0,-3,-24,3,-118,3,-118,0,0,0,0,1481,315,-13,7,0,0,0,0,1807,-10,0,-1477,73,-222,-39,0,0,-3,0,1544,88,-95,-4,-18,-69,10,-325,0,-31,10479
3555307,Turmalina,711,0,0,711,1665,0,0,711,0,0,0,0,0,565,141,0,0,0,0,0,0,565,141,0,0,0,0,0,0,0,0,0,0,0,0,0,0,0,0,0,0,0,0,0,0,711,0,0,561,17,64,-64,0,0,0,0,613,39,-54,0,0,-3,43,-100,43,-100,0,0,0,0,1307,350,0,4,0,0,0,0,1665,0,0,-1299,45,-164,-151,0,0,0,0,1439,90,-127,0,0,-6,110,-248,3,-13,9985
3555356,Ubarana,1920,0,0,1920,5361,0,0,1906,14,0,0,0,0,1731,184,0,0,0,0,0,0,1731,171,0,0,0,0,0,0,0,13,0,0,0,0,0,0,0,0,0,0,0,0,0,0,1917,0,0,1741,7,159,0,0,0,0,0,1857,26,-29,0,0,0,177,-9,165,-6,12,0,0,0,4864,484,-5,0,0,0,-4,0,5358,0,0,-4891,20,-429,-6,0,-6,0,0,5186,81,-85,0,0,-9,467,-26,40,-6,32001
3555406,Ubatuba,33956,-14,-52,33956,92641,-66,79,29857,409,3395,45,0,-55,24655,371,-48,7286,0,0,1295,-64,20754,353,48,7140,0,0,1274,-64,333,6,0,49,0,0,6,0,3369,3,0,12,0,0,0,0,33457,-273,-123,11459,1223,14232,-6056,-87,-364,-72,-17,29799,3879,-34,0,0,-50,1015,-8083,982,-7925,4,-58,5,-6,65771,1059,-178,21492,4,19,-3778,-243,91261,-963,-370,-29919,3383,-39811,-17485,-335,-1163,-276,-76,80772,11413,-166,-7,-23,-177,3208,-23590,409,-3480,490587
3555505,Ubirajara,1832,0,0,1832,5129,0,0,1808,0,0,23,0,0,1400,347,-18,56,0,0,0,0,1376,347,18,56,0,0,0,0,0,0,0,0,0,0,0,0,0,0,0,0,0,0,0,0,1829,0,0,1271,0,362,-181,0,-4,0,0,1608,75,-103,-7,0,-24,17,-406,17,-406,0,0,0,0,3854,1056,-45,165,0,0,-7,0,5123,0,0,-3526,4,-1042,-532,0,-12,-4,0,4475,217,-327,-23,0,-76,64,-1207,4,-173,26242
3555604,Uchoa,3982,0,-21,3982,10370,0,21,3979,0,0,0,0,0,3698,254,-16,0,0,0,0,0,3696,253,16,0,0,0,0,0,0,0,0,0,0,0,0,0,0,0,0,0,0,0,0,0,3979,0,0,3708,3,87,-167,-4,0,0,0,3764,9,-123,-4,0,-71,7,-264,7,-263,0,0,0,0,9626,687,-41,7,0,0,0,0,10363,-6,0,-9653,15,-223,-456,-10,0,-3,0,9779,20,-353,-32,0,-183,30,-707,0,-69,59673
3555703,União Paulista,585,0,0,585,1603,0,0,581,0,0,3,0,0,498,82,0,0,0,0,0,0,494,82,0,0,0,0,0,0,0,0,0,0,0,0,0,0,0,0,0,0,0,0,0,0,585,0,0,500,7,77,0,0,0,0,0,513,17,-52,-3,0,0,29,-56,29,-56,0,0,0,0,1345,249,-5,4,0,0,0,0,1603,0,0,-1352,18,-230,-3,0,0,0,0,1391,53,-149,-10,0,0,90,-168,8,-16,8931
3555802,Urânia,3434,0,-9,3434,8808,0,25,3431,0,0,0,0,0,3019,359,-49,0,0,0,0,0,3017,358,49,0,0,0,0,0,0,0,0,0,0,0,0,0,0,0,0,0,0,0,0,0,3432,0,0,3024,22,75,-304,0,0,0,0,3045,54,-156,-5,-123,-40,5,-401,5,-400,0,0,0,0,7706,990,-110,0,0,0,0,0,8806,0,0,-7714,67,-198,-819,0,0,-4,0,7768,156,-402,-25,-335,-121,22,-1078,0,-70,48748
3555901,Uru,538,0,0,538,1384,0,0,538,0,0,0,0,0,415,109,0,12,0,0,0,0,415,109,0,12,0,0,0,0,0,0,0,0,0,0,0,0,0,0,0,0,0,0,0,0,537,0,0,435,4,90,0,0,0,0,0,452,61,-17,0,-5,0,31,-88,31,-88,0,0,0,0,1086,265,-3,28,0,0,0,0,1382,0,0,-1124,18,-237,0,0,0,0,0,1179,154,-38,0,-12,0,78,-217,5,-22,8055
3556008,Urupês,5205,0,-27,5205,13714,0,30,5195,4,0,0,0,0,4834,337,-25,0,0,0,0,0,4824,337,25,0,0,0,0,0,4,0,0,0,0,0,0,0,0,0,0,0,0,0,0,0,5202,0,0,4834,55,95,-207,0,0,0,0,4894,97,-172,-12,0,-25,63,-296,63,-296,0,0,0,0,12745,894,-59,11,0,0,0,0,13710,0,0,-12739,136,-288,-540,0,-3,0,0,12886,264,-461,-31,0,-66,163,-798,6,-63,79724
3556107,Valentim Gentil,5173,0,-31,5173,14067,0,31,5061,11,86,0,0,0,4831,320,-7,0,0,0,0,0,4719,320,7,0,0,0,0,0,11,0,0,0,0,0,0,0,86,0,0,0,0,0,0,0,5171,0,0,4836,52,27,-249,0,0,0,0,4909,122,-134,0,-3,0,48,-285,48,-285,0,0,0,0,13129,890,-41,0,0,0,0,0,14065,0,0,-13148,147,-97,-671,0,0,0,0,13348,348,-360,0,-7,0,147,-786,7,-93,80993
3556206,Valinhos,46354,-7,-207,46354,126069,-26,247,31970,4072,9889,145,0,-206,42800,2544,-496,215,207,0,0,-4,29380,1832,476,188,5,0,0,-4,3355,682,9,11,0,0,0,0,9867,19,0,0,0,0,0,0,46084,-14,-225,42240,105,2104,-1712,0,-33,-39,0,43646,2604,-30,0,0,-15,281,-3198,252,-2268,17,-691,11,-8,115803,7547,-1432,753,452,5,-9,-29,125469,-79,-501,-114484,403,-6074,-4758,-19,-111,-148,-5,119220,6671,-88,-9,-3,-45,920,-9312,101,-1041,724048
3556305,Valparaíso,7763,-6,-2894,7763,21282,-21,2897,7647,93,6,7,0,0,7472,227,-35,0,0,0,0,0,7357,226,35,0,0,0,0,0,93,0,0,0,0,0,0,0,6,0,0,0,0,0,0,0,7749,-4,0,7419,71,29,-204,0,0,0,0,7637,11,-65,-13,0,-12,78,-188,78,-187,0,0,0,0,20415,729,-115,3,0,0,0,-8,21250,-15,-8,-20261,227,-109,-627,-4,-4,-29,0,20929,60,-189,-41,0,-47,261,-596,36,-61,124113
3556354,Vargem,3658,0,0,3658,10491,-9,5,3622,14,6,0,0,-3,2016,631,-761,207,0,0,0,0,1986,627,760,207,0,0,0,0,13,0,0,0,0,0,0,0,6,0,0,0,0,0,0,0,3499,-133,-8,1572,301,393,-1280,-22,-50,0,0,3006,610,-20,0,0,-4,366,-1262,365,-1258,0,0,0,0,5935,1819,-2060,630,0,0,-21,-10,10058,-384,-40,-4609,878,-1176,-3572,-89,-145,-3,0,8687,1684,-93,0,0,-16,1031,-3519,107,-460,47841
3556404,Vargem Grande do Sul,14591,0,-96,14591,40017,-9,96,14269,21,277,0,0,0,13838,293,-229,196,0,0,0,0,13517,292,229,196,0,0,0,0,21,0,0,0,0,0,0,0,277,0,0,0,0,0,0,0,14488,-8,-80,13837,31,220,-411,-7,-27,-3,0,14005,140,-283,-3,0,-120,207,-519,207,-518,0,0,0,0,37800,907,-693,577,0,6,-9,-4,39741,-40,-226,-37780,115,-692,-1214,-30,-141,-17,0,38287,442,-889,-19,0,-366,632,-1573,62,-199,228220
3556453,Vargem Grande Paulista,17645,0,-66,17645,50315,0,67,14788,2098,724,7,0,0,16436,616,-469,3,15,0,0,0,13799,455,414,3,15,0,0,0,1880,151,52,0,0,0,0,0,724,0,0,0,0,0,0,0,17584,0,-4,9383,278,5813,-1743,-6,-267,-6,0,17257,268,-37,0,-4,-8,226,-879,209,-682,14,-190,0,0,47025,1817,-1313,23,51,6,-13,-33,50146,-96,-44,-26183,941,-17125,-5038,-27,-866,-60,-5,49190,867,-159,0,-29,-41,792,-2455,54,-254,281694
3556503,Várzea Paulista,40492,-15,-102,40492,115557,-54,157,38268,239,1886,19,0,0,39502,633,-193,0,0,0,0,-51,37290,626,191,0,0,0,0,-51,233,5,0,0,0,0,0,0,1884,0,0,0,0,0,0,0,40397,-10,-37,38444,221,772,-451,-12,-446,-12,0,39556,907,0,0,0,-3,328,-550,327,-542,0,-6,0,0,112590,2059,-658,19,0,0,0,-179,115261,-104,-164,-109378,752,-2377,-1366,-61,-1501,-60,-7,113001,2520,-4,0,0,-17,1143,-1783,108,-214,665471
3556602,Vera Cruz,3569,0,-36,3569,10127,0,36,3562,0,0,0,0,0,3164,319,-19,48,0,0,0,0,3158,318,19,48,0,0,0,0,0,0,0,0,0,0,0,0,0,0,0,0,0,0,0,0,3563,0,0,3133,100,207,-112,-8,0,0,0,3228,110,-167,-15,0,-36,54,-336,54,-335,0,0,0,0,8994,916,-60,139,5,0,0,-4,10106,-15,-3,-8914,276,-599,-307,-22,0,-6,0,9175,298,-473,-45,0,-128,169,-959,17,-106,55776
3556701,Vinhedo,27415,0,-243,27415,76282,-3,249,20514,3138,3702,20,0,0,26580,659,-81,21,0,0,7,0,19874,475,78,21,0,0,7,0,2952,176,0,0,0,0,0,0,3694,3,0,0,0,0,0,0,27355,-7,-33,25210,91,1723,-283,0,-11,-4,0,25896,1448,-22,0,0,-6,111,-660,94,-493,11,-163,3,0,73840,1977,-281,84,9,27,-28,-10,76094,-69,-112,-69924,345,-5039,-858,-11,-51,-17,0,72200,3923,-81,-3,0,-52,456,-1967,24,-192,443499
3556800,Viradouro,6225,0,-31,6225,17364,0,31,6209,10,0,0,0,0,6036,68,-105,0,0,0,0,0,6020,68,105,0,0,0,0,0,10,0,0,0,0,0,0,0,0,0,0,0,0,0,0,0,6221,-3,0,6041,0,16,-149,0,-4,0,0,6086,58,-69,0,0,0,0,-173,0,-173,0,0,0,0,16846,224,-281,3,0,0,0,0,17352,-11,0,-16854,4,-51,-433,0,-14,0,0,16970,174,-200,-4,0,-7,17,-491,0,-44,99286
3556909,Vista Alegre do Alto,2865,0,0,2865,8104,0,0,2856,4,5,0,0,0,2713,146,0,0,0,0,0,0,2704,146,0,0,0,0,0,0,4,0,0,0,0,0,0,0,5,0,0,0,0,0,0,0,2862,0,0,2714,6,13,-117,-5,0,-3,0,2727,40,-68,0,0,-19,53,-96,53,-96,0,0,0,0,7649,443,-10,0,0,0,0,0,8097,-4,0,-7653,25,-59,-332,-21,-3,-9,0,7696,141,-196,-4,-6,-59,172,-283,26,-27,46064
3556958,Vitória Brasil,693,0,0,693,1794,0,0,692,0,0,0,0,0,588,91,-12,0,0,0,0,0,588,90,12,0,0,0,0,0,0,0,0,0,0,0,0,0,0,0,0,0,0,0,0,0,693,0,0,597,0,44,-50,0,0,0,0,624,24,-42,0,0,0,3,-97,3,-96,0,0,0,0,1524,243,-27,0,0,0,0,0,1794,0,0,-1546,0,-110,-138,0,0,0,0,1617,61,-114,0,0,0,16,-253,0,-17,9982
3557006,Votorantim,44333,-132,-38,44333,126897,-401,39,34504,1431,8298,17,0,-10,42909,643,-133,100,260,0,6,-190,33439,299,132,96,260,0,6,-187,1422,8,0,0,0,0,0,0,7956,325,0,3,0,0,0,0,43973,-81,-237,40921,1387,741,-625,-187,-262,-29,-3,36974,7187,-44,0,0,-39,49,-1305,34,-970,4,-4,6,-322,122842,1867,-398,295,777,0,-36,-638,125887,-321,-657,-116782,4177,-2267,-1935,-652,-889,-117,-10,106796,19727,-207,-4,-10,-134,231,-3791,12,-622,726934
3557105,Votuporanga,37338,-3,-70,37338,96504,-10,90,34560,190,2537,7,0,0,36247,1021,-24,0,0,0,0,0,33546,943,24,0,0,0,0,0,190,0,0,0,0,0,0,0,2461,70,0,0,0,0,0,0,37314,0,-3,36201,74,442,-555,0,0,0,0,36622,259,-337,-19,-6,-63,123,-930,46,-929,0,0,70,0,93635,2748,-75,5,0,0,0,-6,96448,-27,-11,-93472,230,-1247,-1512,-3,-4,-4,0,94507,753,-974,-61,-17,-174,322,-2526,14,-243,579574
3557154,Zacarias,1055,0,0,1055,2690,0,0,1051,0,0,0,0,0,846,187,-10,0,0,0,0,0,844,186,10,0,0,0,0,0,0,0,0,0,0,0,0,0,0,0,0,0,0,0,0,0,1052,0,0,858,0,141,-51,0,0,0,0,882,22,-83,-9,0,-56,18,-180,17,-180,0,0,0,0,2122,532,-26,0,3,0,0,-5,2679,-6,-5,-2156,0,-402,-130,0,0,0,0,2208,60,-216,-26,0,-176,53,-510,0,-59,14285
3557204,Chavantes,4343,0,-37,4343,12164,-3,39,4341,0,0,0,0,0,4236,60,-3,36,0,0,6,0,4234,60,3,36,0,0,6,0,0,0,0,0,0,0,0,0,0,0,0,0,0,0,0,0,4336,0,0,4069,6,25,-82,0,-39,-101,0,4263,34,-39,0,0,0,29,-72,29,-72,0,0,0,0,11861,162,-10,108,0,0,-17,-4,12150,-10,0,-11370,34,-80,-257,0,-118,-301,0,11944,98,-109,0,0,-6,87,-212,10,-19,70191
